max relerr over the whole probe: 0.0e+00

=== cdouble  transA=NoTrans   GB/s, A footprint held at ~1 GB ===
  m\n        32      64     128     256     512    1024    2048
    32       913     989     927     932     940     892     881
    64       922     976     931     932     935     879     876
   128       922     926     933     937     934     890     926
   256       922     926     932     937     938     941     858
   512       921     925     931     937     938     942     834
  1024       921     927     933     935     938     942     834
  2048       921     926     932     935     940     894     888
  slowest: 512x2048=834, 1024x2048=834, 256x2048=858, 64x2048=876, 64x1024=879

=== cdouble  transA=Trans   GB/s, A footprint held at ~1 GB ===
  m\n        32      64     128     256     512    1024    2048
    32       970     961     935     941     934     781     772
    64       991     980     376     375     376     375     374
   128       810     799     922     356     353     351     347
   256       971     959     926     324     324     322     320
   512       938     924     924     904     920     920     918
  1024       929     932     929     901     928     929     926
  2048       935     880     944     945     944     943     920
  slowest: 256x2048=320, 256x1024=322, 256x512=324, 256x256=324, 128x2048=347

=== cfloat  transA=NoTrans   GB/s, A footprint held at ~1 GB ===
  m\n        32      64     128     256     512    1024    2048
    32       990     987     932     939     945     948     950
    64       982     979     972     970     967     969     966
   128       973     969     939     942     946     949     950
   256       950     967     938     942     947     950     951
   512       948     964     939     943     948     950     950
  1024       970     963     959     955     947     947     967
  2048       960     963     935     939     944     950     963
  slowest: 32x128=932, 2048x128=935, 256x128=938, 128x128=939, 2048x256=939

=== cfloat  transA=Trans   GB/s, A footprint held at ~1 GB ===
  m\n        32      64     128     256     512    1024    2048
    32       966     951     949     950     924     924     924
    64       988     978     970     967     964     964     963
   128       989     973     966     966     962     958     958
   256       938     938     938     938     938     956     955
   512       944     943     961     964     943     943     956
  1024       947     947     962     956     947     946     946
  2048       950     950     961     958     956     953     957
  slowest: 32x1024=924, 32x512=924, 32x2048=924, 256x512=938, 256x256=938

=== float  transA=NoTrans   GB/s, A footprint held at ~1 GB ===
  m\n        32      64     128     256     512    1024    2048
    32       963    1001     986     985     985     984     982
    64       906     920     932     971     970     970     950
   128       916     926     935     936     944     948     948
   256       922     927     936     935     944     948     948
   512       922     971     959     932     944     948     948
  1024       922     970     958     935     945     948     948
  2048       923     926     931     937     944     948     948
  slowest: 64x32=906, 128x32=916, 64x64=920, 1024x32=922, 256x32=922

=== float  transA=Trans   GB/s, A footprint held at ~1 GB ===
  m\n        32      64     128     256     512    1024    2048
    32      1028     974     976     976     972     946     959
    64       976     973     974     967     966     965     964
   128       930     934     934     934     934     959     958
   256       937     936     936     937     936     936     956
   512       943     943     963     940     940     940     941
  1024       948     947     960     945     945     952     953
  2048       950     950     949     949     954     956     955
  slowest: 128x32=930, 128x64=934, 128x512=934, 128x128=934, 128x256=934

