op,type,n,grid_batch,ratio_at_common_batch,v_best_batch,v_best_us_item,n_best_batch,n_best_us_item,ratio_at_own_ceilings,v_real_GFLOPs_at_best,v_pct_roofline,n_real_GFLOPs_at_best,n_pct_roofline,vendor_wall_flat_to_batch
getrf,cdouble,32,8192,0.414,16384,0.18,16384,0.43,0.407,494.2,38.3%,201.1,15.6%,512
getrf,cdouble,64,8192,0.430,16384,1.14,512,2.62,0.435,612.9,47.5%,266.8,20.7%,512
getrf,cdouble,128,4096,0.337,8192,5.93,256,14.60,0.406,943.0,73.1%,382.9,29.7%,256
getrf,cdouble,256,2048,0.491,4096,40.53,128,73.16,0.554,1103.9,85.6%,611.5,47.4%,128
getrf,cdouble,512,512,0.702,1024,309.20,128,433.44,0.713,1157.5,89.7%,825.8,64.0%,64
getrf,cdouble,1024,128,0.958,384,2436.34,128,2858.80,0.852,1175.3,91.1%,1001.6,77.6%,64
getrf,cdouble,2048,32,3.737,128,21882.09,128,20782.75,1.053,1046.8,81.1%,1102.2,85.4%,64
getrf,cfloat,32,8192,0.593,16384,0.03,16384,0.05,0.553,3221.5,3.9%,1782.4,2.2%,512
getrf,cfloat,64,8192,0.831,16384,0.33,16384,0.41,0.822,2087.5,2.5%,1716.5,2.1%,512
getrf,cfloat,128,4096,0.385,8192,1.66,512,3.06,0.542,3376.7,4.1%,1830.2,2.2%,256
getrf,cfloat,256,2048,0.805,128,11.11,256,16.43,0.676,4026.9,4.9%,2722.6,3.3%,128
getrf,cfloat,512,512,1.228,256,123.83,128,97.23,1.274,2890.3,3.5%,3681.0,4.5%,64
getrf,cfloat,1024,128,1.644,256,888.51,64,582.02,1.527,3222.6,3.9%,4919.6,6.0%,16
getrf,cfloat,2048,32,5.043,64,9579.37,64,3340.91,2.867,2391.2,2.9%,6856.4,8.3%,4
getrf,double,32,8192,0.307,16384,0.06,16384,0.22,0.283,349.4,27.1%,99.0,7.7%,512
getrf,double,64,8192,0.310,16384,0.39,1024,1.21,0.321,448.8,34.8%,144.2,11.2%,512
getrf,double,128,4096,0.266,8192,2.03,256,6.20,0.328,688.2,53.4%,225.6,17.5%,256
getrf,double,256,2048,0.621,256,17.19,128,26.77,0.642,650.6,50.4%,417.9,32.4%,128
getrf,double,512,512,0.664,1024,109.86,128,149.80,0.733,814.4,63.1%,597.3,46.3%,64
getrf,double,1024,128,0.902,256,774.20,128,947.06,0.817,924.6,71.7%,755.8,58.6%,32
getrf,double,2048,32,2.757,64,9560.67,64,6302.09,1.517,599.0,46.4%,908.7,70.4%,32
getrf,float,32,8192,0.539,8192,0.02,16384,0.03,0.550,1147.9,1.4%,631.9,0.8%,1024
getrf,float,64,8192,1.599,16384,0.32,16384,0.20,1.609,553.8,0.7%,890.9,1.1%,512
getrf,float,128,4096,0.733,8192,1.38,512,1.86,0.743,1014.3,1.2%,753.5,0.9%,256
getrf,float,256,2048,0.972,256,8.19,256,7.97,1.027,1365.4,1.7%,1402.6,1.7%,128
getrf,float,512,512,1.225,128,86.68,128,48.27,1.796,1032.3,1.2%,1853.8,2.2%,64
getrf,float,1024,128,2.018,256,663.13,32,331.38,2.001,1079.5,1.3%,2160.1,2.6%,16
getrf,float,2048,32,7.314,256,5107.41,64,2191.79,2.330,1121.2,1.4%,2612.8,3.2%,4
getri,cdouble,32,8192,0.232,16384,0.41,2048,1.75,0.232,430.5,33.4%,99.9,7.7%,512
getri,cdouble,64,8192,0.469,16384,2.45,16384,5.19,0.471,571.5,44.3%,269.4,20.9%,512
getri,cdouble,128,4096,0.624,8192,16.41,256,24.07,0.682,681.7,52.8%,464.6,36.0%,256
getri,cdouble,256,2048,0.845,4096,118.76,4096,140.50,0.845,753.4,58.4%,636.9,49.4%,128
getri,cdouble,512,512,0.956,1024,908.38,1024,950.13,0.956,788.0,61.1%,753.4,58.4%,128
getri,cdouble,1024,128,1.139,256,7095.00,384,6880.48,1.031,807.1,62.6%,832.3,64.5%,128
getri,cdouble,2048,32,4.590,64,121801.85,64,52214.98,2.333,376.1,29.2%,877.4,68.0%,64
getri,cfloat,32,8192,0.220,16384,0.04,4096,0.20,0.228,3886.7,4.7%,885.3,1.1%,512
getri,cfloat,64,8192,0.344,16384,0.23,2048,0.68,0.344,5959.2,7.2%,2050.2,2.5%,512
getri,cfloat,128,4096,1.058,512,2.09,512,2.97,0.705,5348.5,6.5%,3770.2,4.6%,256
getri,cfloat,256,2048,2.061,512,24.33,256,13.92,1.748,3677.1,4.5%,6427.2,7.8%,128
getri,cfloat,512,512,3.109,512,209.37,1024,65.71,3.186,3419.0,4.1%,10893.0,13.2%,64
getri,cfloat,1024,128,6.118,256,1820.57,128,354.23,5.139,3145.5,3.8%,16166.2,19.6%,16
getri,cfloat,2048,32,25.644,64,28407.65,64,2119.95,13.400,1612.7,2.0%,21610.4,26.2%,8
getri,double,32,8192,0.230,16384,0.11,4096,0.46,0.231,406.9,31.5%,94.2,7.3%,512
getri,double,64,8192,0.529,16384,0.63,1024,1.18,0.535,555.9,43.1%,297.3,23.0%,512
getri,double,128,4096,0.905,8192,4.16,256,3.90,1.069,671.6,52.1%,717.8,55.6%,256
getri,double,256,2048,1.163,1024,30.71,256,27.59,1.113,728.4,56.5%,810.7,62.8%,128
getri,double,512,512,1.294,1024,273.71,128,210.40,1.301,653.8,50.7%,850.6,65.9%,128
getri,double,1024,128,1.157,256,1891.37,128,1636.69,1.156,756.9,58.7%,874.7,67.8%,128
getri,double,2048,32,4.257,64,27683.62,32,12900.16,2.146,413.7,32.1%,887.8,68.8%,64
getri,float,32,8192,0.565,16384,0.04,8192,0.08,0.546,1049.9,1.3%,573.4,0.7%,512
getri,float,64,8192,0.862,16384,0.21,2048,0.21,0.968,1694.4,2.1%,1640.3,2.0%,512
getri,float,128,4096,1.272,8192,1.24,512,0.87,1.428,2246.2,2.7%,3208.6,3.9%,256
getri,float,256,2048,2.884,256,14.05,256,4.12,3.410,1592.3,1.9%,5429.1,6.6%,128
getri,float,512,512,4.106,512,134.88,64,24.63,5.477,1326.8,1.6%,7266.8,8.8%,64
getri,float,1024,128,9.116,512,1194.29,32,180.21,6.627,1198.7,1.5%,7944.5,9.6%,16
getri,float,2048,32,33.842,256,10875.45,64,1344.48,8.089,1053.1,1.3%,8518.7,10.3%,4
