== A. VENDOR BASELINE: cuSOLVER/cuBLAS geqrf through the public API ==
    type     n  batch     med_ms   GFLOP/s  rel_sd   residual
   float    64   8192      6.185     462.9  0.0162  2.503e-07
   float   128   4096     30.894     370.7  0.0053  2.983e-07
   float   256   2048    121.638     376.6  0.0008  3.857e-07
   float   512    512    370.829     247.1  0.0003  5.034e-07
   float  1024    128   2109.813      86.9  0.0001  6.388e-07
   float  2048     32  21311.621      17.2  0.0000  8.438e-07
  double    64   8192     15.757     181.7  0.0013  9.356e-16
  double   128   4096     60.954     187.9  0.0017  1.893e-15
  double   256   2048    228.761     200.3  0.0010  1.972e-15
  double   512    512    685.625     133.6  0.0003  4.148e-15
  double  1024    128   4274.255      42.9  0.0000  3.905e-15
  double  2048     32  30496.316      12.0  0.0000  6.684e-15
  cfloat    64   8192     13.172     217.4  0.0041  3.835e-07
  cfloat   128   4096     59.182     193.5  0.0019  5.079e-07
  cfloat   256   2048    226.819     202.0  0.0009  4.592e-07
  cfloat   512    512    561.116     163.3  0.0004  6.431e-07
  cfloat  1024    128   3428.596      53.5  0.0001  8.686e-07
  cfloat  2048     32  24914.510      14.7  0.0000  1.093e-06
 cdouble    64   8192     31.514      90.9  0.0005  1.133e-15
 cdouble   128   4096    115.846      98.9  0.0014  2.318e-15
 cdouble   256   2048    435.714     105.1  0.0010  2.055e-15
 cdouble   512    512   1111.516      82.4  0.0002  4.258e-15
 cdouble  1024    128   5993.803      30.6  0.0000  5.023e-15
 cdouble  2048     32  41982.781       8.7  0.0009  5.660e-15

== B. orgqr: cuSOLVER (batch LOOP) vs routed ormqr-on-identity, one process ==
    type     n  batch   orgqr_ms  ormqrI_ms   ratio  orgqr_ws_MB  ormqr_ws_MB         dQ
   float    64   8192    450.189      4.028  111.75       1164.0        104.0  6.904e-07
   float   128   4096    256.107      7.674   33.38       1030.0        100.0  1.070e-06
   float   256   2048    307.730     19.509   15.77        899.0        148.5  9.932e-07
   float   512    512    177.041     24.972    7.09        416.8        148.5  1.157e-06
   float  1024    128     93.943     40.156    2.34        200.2         85.5  1.589e-06
   float  2048     32     56.824     84.358    0.67         98.0         42.4  1.613e-06
  double    64   8192    787.470     12.158   64.77       2324.0        208.0  1.391e-15
  double   128   4096    855.673     24.047   35.58       2058.0        200.0  2.116e-15
  double   256   2048   1236.480     96.325   12.84       1797.0        297.0  2.285e-15
  double   512    512    817.965    169.428    4.83        833.2        297.0  2.527e-15
  double  1024    128    603.729    294.944    2.05        400.3        171.1  3.437e-15
  double  2048     32    643.802    661.991    0.97        196.1         84.8  4.078e-15
  cfloat    64   8192    457.339      6.618   69.11       2324.0        208.0  1.018e-06
  cfloat   128   4096    368.433     14.566   25.29       2058.0        200.0  1.600e-06
  cfloat   256   2048    391.708     37.435   10.46       1797.0        297.0  1.406e-06
  cfloat   512    512    220.981     54.616    4.05        833.2        297.0  1.640e-06
  cfloat  1024    128    128.807    101.941    1.26        400.3        171.1  2.180e-06
  cfloat  2048     32     93.119    216.419    0.43        196.1         84.8  2.710e-06
 cdouble    64   8192   1726.664     51.025   33.84       4644.0        416.0  1.830e-15
 cdouble   128   4096   1785.163    109.479   16.31       4114.0        400.0  3.074e-15
 cdouble   256   2048   2417.147    469.027    5.15       3593.0        594.0  2.972e-15
 cdouble   512    512   1881.931    807.039    2.33       1666.2        594.0  4.012e-15
 cdouble  1024    128   1600.654   1378.662    1.16        800.6        342.1  5.353e-15
 cdouble  2048     32   1845.572   2681.602    0.69        392.1        169.5  6.237e-15

== C vs D. ormqr-on-identity: vendor build vs VENDOR-FREE build, route held at Native:Blocked ==
    type     n  batch  vendor_ms    free_ms  free/vendor   nb
   float    64   8192      4.070      3.926         0.96   16
   float   128   4096      7.707      8.210         1.07   16
   float   256   2048     19.557     26.938         1.38   24
   float   512    512     25.002     38.360         1.53   48
   float  1024    128     40.186     72.549         1.81   56
   float  2048     32     84.524    149.603         1.77   56
  double    64   8192     12.332     11.621         0.94   16
  double   128   4096     24.143     24.217         1.00   16
  double   256   2048     96.404     96.339         1.00   24
  double   512    512    169.610    172.595         1.02   48
  double  1024    128    294.984    298.166         1.01   56
  double  2048     32    664.320    581.554         0.88   56
  cfloat    64   8192      6.623      9.576         1.45   16
  cfloat   128   4096     14.585     18.272         1.25   16
  cfloat   256   2048     37.443     69.810         1.86   24
  cfloat   512    512     55.199     83.546         1.51   48
  cfloat  1024    128    102.095    168.590         1.65   56
  cfloat  2048     32    215.824    348.516         1.61   56
 cdouble    64   8192     51.208    103.459         2.02   16
 cdouble   128   4096    109.869    262.418         2.39   16
 cdouble   256   2048    469.164   1091.612         2.33   24
 cdouble   512    512    807.141   1231.048         1.53   48
 cdouble  1024    128   1378.877   2470.423         1.79   56
 cdouble  2048     32   2681.542   4804.939         1.79   56

== control: synthI(C) vs ormqrI(B), vendor build -- do synthetic reflectors measure the same work? ==
    type     n  ormqrI_ms  synthI_ms   delta%
   float    64      4.028      4.070     1.04
   float   128      7.674      7.707     0.43
   float   256     19.509     19.557     0.25
   float   512     24.972     25.002     0.12
   float  1024     40.156     40.186     0.08
   float  2048     84.358     84.524     0.20
  double    64     12.158     12.332     1.43
  double   128     24.047     24.143     0.40
  double   256     96.325     96.404     0.08
  double   512    169.428    169.610     0.11
  double  1024    294.944    294.984     0.01
  double  2048    661.991    664.320     0.35
  cfloat    64      6.618      6.623     0.08
  cfloat   128     14.566     14.585     0.13
  cfloat   256     37.435     37.443     0.02
  cfloat   512     54.616     55.199     1.07
  cfloat  1024    101.941    102.095     0.15
  cfloat  2048    216.419    215.824    -0.27
 cdouble    64     51.025     51.208     0.36
 cdouble   128    109.479    109.869     0.36
 cdouble   256    469.027    469.164     0.03
 cdouble   512    807.039    807.141     0.01
 cdouble  1024   1378.662   1378.877     0.02
 cdouble  2048   2681.602   2681.542    -0.00
