
== OQ5: panel trsm(Right,Lower,ConjTrans,NonUnit), sub-views at parent ld, batch 128
type         n     j    m2   ib   default    vendor    native  ven/nat  ven/def   maxsd
cdouble    512     0   435   77    1.4812    8.8484    1.4607     6.06     5.97   0.013
cdouble    512   154   281   77    1.0745    7.2774    1.0699     6.80     6.77   0.009
cdouble    512   231   204   77    0.7194    4.9921    0.7165     6.97     6.94   0.004
cdouble    512   385    50   77    0.2259    7.3238    0.2248    32.58    32.42   0.002
cdouble   1024     0   947   77    2.9787   28.2705    3.0534     9.26     9.49   0.011
cdouble   1024   308   639   77    2.0851   10.5398    2.0857     5.05     5.05   0.009
cdouble   1024   616   331   77    1.2012    8.8495    1.2023     7.36     7.37   0.004
cdouble   1024   924    23   77    0.1595    6.7265    0.1595    42.16    42.17   0.003
cdouble   2048     0  1971   77    5.8587   23.6186    5.8753     4.02     4.03   0.002
cdouble   2048   616  1355   77    4.1993   17.6627    4.1995     4.21     4.21   0.002
cdouble   2048  1309   662   77    2.1895    9.2564    2.1612     4.28     4.23   0.009
cdouble   2048  1925    46   77    0.2253    6.7275    0.2248    29.92    29.86   0.001
cfloat     512     0   403  109    0.1970    1.0483    0.1955     5.36     5.32   0.013
cfloat     512   109   294  109    0.1251    1.0704    0.1237     8.66     8.56   0.002
cfloat     512   218   185  109    0.1085    1.7390    0.1084    16.04    16.04   0.001
cfloat     512   327    76  109    0.0879    1.0452    0.0879    11.89    11.88   0.001
cfloat    1024     0   915  109    0.5381    4.1324    0.5372     7.69     7.68   0.004
cfloat    1024   327   588  109    0.2678    1.2359    0.2680     4.61     4.62   0.005
cfloat    1024   545   370  109    0.1474    1.4188    0.1482     9.58     9.62   0.004
cfloat    1024   872    43  109    0.0816    2.2649    0.0815    27.79    27.74   0.002
cfloat    2048     0  1939  109    1.3209   21.2612    1.3225    16.08    16.10   0.005
cfloat    2048   654  1285  109    0.8629   14.6042    0.8635    16.91    16.92   0.004
cfloat    2048  1199   740  109    0.3838    2.0855    0.3839     5.43     5.43   0.003
cfloat    2048  1853    86  109    0.0908    1.2741    0.0907    14.05    14.04   0.004
double     512     0   403  109    0.6975    2.1934    0.6915     3.17     3.14   0.010
double     512   109   294  109    0.4286    1.6714    0.4286     3.90     3.90   0.000
double     512   218   185  109    0.2924    1.0132    0.2926     3.46     3.46   0.006
double     512   327    76  109    0.1584    0.5459    0.1588     3.44     3.45   0.004
double    1024     0   915  109    1.3584    4.8262    1.3517     3.57     3.55   0.005
double    1024   327   588  109    0.9184    3.1777    0.9151     3.47     3.46   0.009
double    1024   545   370  109    0.5327    1.9994    0.5326     3.75     3.75   0.001
double    1024   872    43  109    0.1263    0.3535    0.1264     2.80     2.80   0.002
double    2048     0  1939  109    2.7831   10.0814    2.7852     3.62     3.62   0.001
double    2048   654  1285  109    1.9351    4.1033    1.9353     2.12     2.12   0.002
double    2048  1199   740  109    1.1199    3.9725    1.1224     3.54     3.55   0.014
double    2048  1853    86  109    0.1750    0.5463    0.1751     3.12     3.12   0.002
float      512     0   357  155    0.1686    0.3254    0.1687     1.93     1.93   0.003
float      512   155   202  155    0.1270    0.2417    0.1271     1.90     1.90   0.001
float      512   310    47  155    0.1112    0.1068    0.1105     0.97     0.96   0.004
float     1024     0   869  155    0.3838    0.8438    0.3827     2.20     2.20   0.002
float     1024   310   559  155    0.2502    0.5027    0.2565     1.96     2.01   0.004
float     1024   465   404  155    0.1906    0.3892    0.1898     2.05     2.04   0.002
float     1024   775    94  155    0.1126    0.1248    0.1127     1.11     1.11   0.003
float     2048     0  1893  155    0.9397    2.0710    0.9381     2.21     2.20   0.002
float     2048   620  1273  155    0.6051    1.3847    0.6064     2.28     2.29   0.003
float     2048  1240   653  155    0.3030    0.6099    0.3061     1.99     2.01   0.003
float     2048  1860    33  155    0.1112    0.1028    0.1112     0.92     0.92   0.007

== OQ6: trailing gemm C -= L21 L21^H, alpha=-1 beta=1, batch 128
type         m     n    k tB   sub:def   sub:ven   sub:nat  flat:def  flat:ven  flat:nat  nat/ven sub/flat(n) sub/flat(v)   maxsd
cdouble    128   128   77 C     1.1221    1.1222    3.3425    1.1182    1.1196    3.3340     0.34        1.00        1.00   0.001
cdouble    947   128   77 C     8.3809    8.3762   25.0285    8.3493    8.3487   24.9434     0.33        1.00        1.00   0.001
cdouble    947   947   77 C    62.3151   62.3149  186.9460   62.3274   62.3407  186.9578     0.33        1.00        1.00   0.000
cdouble   1971   128   77 C    17.2165   17.2146   51.5484   17.2165   17.2166   51.5420     0.33        1.00        1.00   0.001
cfloat     128   128  109 C     0.0489    0.0487    0.2318    0.0474    0.0480    0.2483     0.21        0.93        1.01   0.003
cfloat     915   128  109 C     0.4285    0.4284    1.8664    0.4301    0.4338    1.7106     0.23        1.09        0.99   0.004
cfloat     915   915  109 C     2.9393    2.9210   13.3537    2.9895    2.9286   12.2725     0.22        1.09        1.00   0.011
cfloat    1939   128  109 C     0.8511    0.8891    3.9233    0.8985    0.8892    3.5972     0.23        1.09        1.00   0.005
double     128   128  109 C     0.3403    0.3906    0.3402    0.3424    0.3901    0.3425     1.15        0.99        1.00   0.001
double     128   128  109 T     0.3402    0.3903    0.3403    0.3429    0.3902    0.3434     1.15        0.99        1.00   0.001
double     915   128  109 C     2.4546    2.8964    2.4610    2.4410    2.8950    2.4411     1.18        1.01        1.00   0.000
double     915   128  109 T     2.4556    2.8951    2.4555    2.4408    2.8960    2.4411     1.18        1.01        1.00   0.001
double     915   915  109 C    17.7453   20.9272   17.7447   17.6424   20.9306   17.6202     1.18        1.01        1.00   0.000
double    1939   128  109 C     5.1586    5.9469    5.1564    5.1200    5.9740    5.1197     1.15        1.01        1.00   0.001
float      128   128  155 C     0.0214    0.0217    0.1452    0.0205    0.0207    0.1627     0.15        0.89        1.05   0.008
float      128   128  155 T     0.0216    0.0218    0.0780    0.0202    0.0205    0.0546     0.28        1.43        1.06   0.004
float      869   128  155 C     0.2112    0.2109    1.1858    0.2153    0.2153    1.1189     0.18        1.06        0.98   0.012
float      869   128  155 T     0.2108    0.2112    0.6710    0.2155    0.2152    0.6149     0.31        1.09        0.98   0.003
float      869   869  155 C     1.0128    1.0517    7.8844    1.0805    1.0769    7.3513     0.13        1.07        0.98   0.007
float     1893   128  155 C     0.4416    0.4415    2.5574    0.4443    0.4459    2.4006     0.17        1.07        0.99   0.002

== nb sweep: whole blocked driver, W=128, batch 128
   CORRECT? = residual within 100x the type's eps*n AND info_nonzero == 0
mode     type         n   nb    W  total_ms    leaf   panel   trail  panel%  leaf%  trail%   gflops      resid  bad     sd
default  float      512   32  128     2.272   0.403   0.367   1.873    13.9   15.3    70.9   2520.0   4.37e-07    0  0.001
native   float      512   32  128     3.754   0.401   0.327   3.312     8.1    9.9    82.0   1525.5   4.37e-07    0  0.001
vtrsm    float      512   32  128     4.107   0.377   0.663   3.298    15.3    8.7    76.0   1394.3   4.37e-07    0  0.001
nativeT  float      512   32  128     3.744   0.375   0.308   3.293     7.8    9.4    82.8   1529.6   4.37e-07    0  0.001
default  float      512   48  128     1.845   0.337   0.430   1.246    21.3   16.8    61.9   3103.1   4.37e-07    0  0.002
native   float      512   48  128     3.194   0.349   0.396   2.607    11.8   10.4    77.8   1793.2   4.37e-07    0  0.001
vtrsm    float      512   48  128     3.482   0.354   0.653   2.619    18.0    9.8    72.2   1644.8   4.37e-07    0  0.001
nativeT  float      512   48  128     3.203   0.367   0.408   2.620    12.0   10.8    77.2   1787.7   4.37e-07    0  0.001
default  float      512   64  128     1.507   0.328   0.381   0.941    23.1   19.9    57.0   3799.3   4.07e-07    0  0.002
native   float      512   64  128     2.929   0.332   0.407   2.296    13.4   10.9    75.6   1955.3   4.07e-07    0  0.001
vtrsm    float      512   64  128     3.184   0.329   0.667   2.295    20.3   10.0    69.7   1798.6   4.07e-07    0  0.001
nativeT  float      512   64  128     2.932   0.340   0.413   2.352    13.3   10.9    75.8   1953.3   4.07e-07    0  0.001
default  float      512   96  128     1.306   0.321   0.424   0.641    30.6   23.1    46.3   4385.9   4.07e-07    0  0.003
native   float      512   96  128     2.634   0.335   0.515   1.860    19.0   12.4    68.6   2174.3   4.07e-07    0  0.001
vtrsm    float      512   96  128     2.830   0.333   0.710   1.861    24.4   11.5    64.1   2023.8   4.07e-07    0  0.001
nativeT  float      512   96  128     2.634   0.334   0.514   1.862    19.0   12.3    68.7   2173.9   4.07e-07    0  0.001
default  float      512  128  128     1.114   0.335   0.383   0.447    32.9   28.7    38.4   5142.6   5.46e-07    0  0.001
native   float      512  128  128     2.462   0.347   0.541   1.618    21.6   13.8    64.6   2326.2   5.46e-07    0  0.001
vtrsm    float      512  128  128     2.548   0.348   0.624   1.622    24.0   13.4    62.5   2247.3   5.46e-07    0  0.001
nativeT  float      512  128  128     1.587   0.349   0.544   0.741    33.3   21.3    45.4   3608.1   5.46e-07    0  0.002
default  float      512  155  128     1.234   0.391   0.505   0.391    39.2   30.4    30.4   4639.3   5.46e-07    0  0.001
native   float      512  155  128     2.524   0.380   0.730   1.460    28.4   14.8    56.8   2268.8   5.46e-07    0  0.001
vtrsm    float      512  155  128     2.575   0.383   0.769   1.459    29.5   14.7    55.9   2223.9   5.46e-07    0  0.003
nativeT  float      512  155  128     2.100   0.380   0.731   1.040    34.0   17.7    48.4   2727.1   5.46e-07    0  0.001
default  float     1024   32  128    12.183   0.754   0.952  10.986     7.5    5.9    86.6   3760.4   5.46e-07    1  0.001   <-- WRONG ANSWER
native   float     1024   32  128    23.948   0.802   0.923  22.711     3.8    3.3    92.9   1913.0   5.46e-07    3  0.001   <-- WRONG ANSWER
vtrsm    float     1024   32  128    25.877   0.807   2.788  22.752    10.6    3.1    86.4   1770.4   5.46e-07    0  0.001
nativeT  float     1024   32  128    23.947   0.804   0.919  22.707     3.8    3.3    92.9   1913.1   5.46e-07    2  0.001   <-- WRONG ANSWER
default  float     1024   48  128     9.301   0.721   1.413   7.571    14.6    7.4    78.0   4925.6        inf   66  0.001   <-- WRONG ANSWER
native   float     1024   48  128    19.894   0.522   1.426  18.287     7.0    2.6    90.4   2302.8        inf  128  0.000   <-- WRONG ANSWER
vtrsm    float     1024   48  128    21.827   0.748   3.059  18.318    13.8    3.4    82.8   2098.9   5.46e-07    0  0.001
nativeT  float     1024   48  128    19.875   0.516   1.424  18.297     7.0    2.5    90.4   2305.1        inf  128  0.001   <-- WRONG ANSWER
default  float     1024   64  128     7.308   0.665   1.190   5.690    15.8    8.8    75.4   6268.6   5.46e-07    2  0.001   <-- WRONG ANSWER
native   float     1024   64  128    18.169   0.706   1.479  16.225     8.0    3.8    88.1   2521.5   5.46e-07   10  0.000   <-- WRONG ANSWER
vtrsm    float     1024   64  128    20.017   0.702   3.328  16.210    16.4    3.5    80.1   2288.7   5.46e-07    0  0.001
nativeT  float     1024   64  128    18.108   0.703   1.457  16.188     7.9    3.8    88.2   2529.9   5.46e-07   12  0.000   <-- WRONG ANSWER
default  float     1024   96  128     5.951   0.681   1.374   4.071    22.4   11.1    66.5   7698.2   5.09e-07    2  0.001   <-- WRONG ANSWER
native   float     1024   96  128    16.339   0.702   1.893  13.906    11.5    4.3    84.3   2804.0   5.09e-07   13  0.000   <-- WRONG ANSWER
vtrsm    float     1024   96  128    17.712   0.700   3.252  13.909    18.2    3.9    77.9   2586.6   5.09e-07    0  0.000
nativeT  float     1024   96  128    16.372   0.702   1.893  13.926    11.5    4.3    84.3   2798.3   5.09e-07   17  0.000   <-- WRONG ANSWER
default  float     1024  128  128     5.086   0.704   1.376   3.125    26.4   13.5    60.0   9006.9   5.46e-07   12  0.002   <-- WRONG ANSWER
native   float     1024  128  128    15.558   0.729   2.226  12.718    14.2    4.6    81.1   2944.7   5.46e-07    6  0.000   <-- WRONG ANSWER
vtrsm    float     1024  128  128    16.722   0.732   3.343  12.748    19.9    4.3    75.8   2739.6   5.46e-07    0  0.002
nativeT  float     1024  128  128     8.131   0.726   2.218   5.281    27.0    8.8    64.2   5634.1   5.46e-07   12  0.001   <-- WRONG ANSWER
default  float     1024  155  128     5.349   0.806   1.735   2.917    31.8   14.8    53.4   8564.5   1.52e+29   33  0.002   <-- WRONG ANSWER
native   float     1024  155  128    16.044   0.797   3.025  12.325    18.7    4.9    76.3   2855.5   5.46e-07   14  0.000   <-- WRONG ANSWER
vtrsm    float     1024  155  128    16.455   0.806   3.419  12.340    20.6    4.9    74.5   2784.1   5.46e-07    0  0.001
nativeT  float     1024  155  128    11.238   0.794   3.024   7.517    26.7    7.0    66.3   4076.6   5.46e-07   14  0.001   <-- WRONG ANSWER
default  double     512   32  128     8.618   0.714   0.803   7.331     9.1    8.1    82.9    664.5   8.14e-16    0  0.001
native   double     512   32  128     8.594   0.708   0.801   7.316     9.1    8.0    82.9    666.4   8.14e-16    0  0.001
vtrsm    double     512   32  128    10.190   0.707   2.384   7.332    22.9    6.8    70.3    562.0   8.14e-16    0  0.000
nativeT  double     512   32  128     8.602   0.731   0.821   7.335     9.2    8.2    82.5    665.8   8.14e-16    0  0.000
default  double     512   48  128     7.808   0.699   0.959   6.346    12.0    8.7    79.3    733.4   8.14e-16    0  0.001
native   double     512   48  128     7.814   0.688   0.947   6.334    11.9    8.6    79.5    732.9   8.14e-16    0  0.001
vtrsm    double     512   48  128     9.398   0.686   2.520   6.337    26.4    7.2    66.4    609.4   8.14e-16    0  0.001
nativeT  double     512   48  128     7.809   0.687   0.948   6.333    11.9    8.6    79.5    733.3   8.14e-16    0  0.000
default  double     512   64  128     7.417   0.708   1.048   5.785    13.9    9.4    76.7    772.1   8.14e-16    0  0.001
native   double     512   64  128     7.399   0.706   1.047   5.816    13.8    9.3    76.8    773.9   8.14e-16    0  0.001
vtrsm    double     512   64  128     8.895   0.698   2.519   5.784    28.0    7.8    64.3    643.8   8.14e-16    0  0.001
nativeT  double     512   64  128     7.407   0.697   1.040   5.773    13.8    9.3    76.9    773.1   8.14e-16    0  0.001
default  double     512   80  128     7.200   0.761   1.251   5.277    17.2   10.4    72.4    795.4   8.14e-16    0  0.000
native   double     512   80  128     7.190   0.760   1.245   5.278    17.1   10.4    72.5    796.4   8.14e-16    0  0.001
vtrsm    double     512   80  128     9.084   0.788   3.216   5.335    34.4    8.4    57.1    630.4   8.14e-16    0  0.003
nativeT  double     512   80  128     7.189   0.759   1.246   5.274    17.1   10.4    72.5    796.6   8.14e-16    0  0.001
default  double     512   96  128     7.021   0.784   1.405   4.900    19.8   11.1    69.1    815.6   8.14e-16    0  0.000
native   double     512   96  128     7.019   0.792   1.416   4.908    19.9   11.1    69.0    815.9   8.14e-16    0  0.000
vtrsm    double     512   96  128     8.411   0.784   2.795   4.909    32.9    9.2    57.8    680.8   8.14e-16    0  0.000
nativeT  double     512   96  128     7.022   0.786   1.399   4.902    19.7   11.1    69.2    815.5   8.14e-16    0  0.001
default  double     512  109  128     7.258   0.860   1.614   4.836    22.1   11.8    66.2    789.0   6.10e-16    1  0.001   <-- WRONG ANSWER
native   double     512  109  128     7.258   0.860   1.613   4.840    22.1   11.8    66.2    789.0   6.10e-16    1  0.002   <-- WRONG ANSWER
vtrsm    double     512  109  128     9.365   0.860   3.693   4.856    39.3    9.1    51.6    611.5   6.10e-16    0  0.002
nativeT  double     512  109  128     7.245   0.861   1.614   4.841    22.1   11.8    66.2    790.5   6.10e-16    1  0.003   <-- WRONG ANSWER
default  double    1024   32  128    52.685   1.456   2.726  48.995     5.1    2.7    92.1    869.6   1.14e-15    2  0.000   <-- WRONG ANSWER
native   double    1024   32  128    52.681   1.455   2.727  48.985     5.1    2.7    92.1    869.6   1.14e-15    0  0.000
vtrsm    double    1024   32  128    59.343   1.485   9.356  49.053    15.6    2.5    81.9    772.0   1.14e-15    0  0.000
nativeT  double    1024   32  128    52.702   1.457   2.730  49.002     5.1    2.7    92.1    869.3   1.14e-15    4  0.000   <-- WRONG ANSWER
default  double    1024   48  128    50.678   1.400   5.473  44.127    10.7    2.7    86.5    904.0        inf  127  0.000   <-- WRONG ANSWER
native   double    1024   48  128    50.691   1.333   5.553  44.124    10.9    2.6    86.5    903.8        inf  128  0.005   <-- WRONG ANSWER
vtrsm    double    1024   48  128    55.456   1.429  10.021  44.210    18.0    2.6    79.4    826.1   8.14e-16    0  0.002
nativeT  double    1024   48  128    50.716   1.475   5.583  44.159    10.9    2.9    86.2    903.3        inf  125  0.000   <-- WRONG ANSWER
default  double    1024   64  128    46.994   1.424   4.107  41.703     8.7    3.0    88.3    974.9   9.48e-16    0  0.000
native   double    1024   64  128    47.000   1.429   4.111  41.692     8.7    3.0    88.3    974.8   9.48e-16    2  0.000   <-- WRONG ANSWER
vtrsm    double    1024   64  128    53.403   1.426  10.466  41.734    19.5    2.7    77.8    857.9   9.48e-16    0  0.000
nativeT  double    1024   64  128    47.034   1.460   4.137  41.787     8.7    3.1    88.2    974.0   9.48e-16    8  0.001   <-- WRONG ANSWER
default  double    1024   80  128    47.256   1.551   6.621  39.316    13.9    3.3    82.8    969.5        inf  127  0.000   <-- WRONG ANSWER
native   double    1024   80  128    47.296   1.545   6.652  39.321    14.0    3.3    82.7    968.6        inf  126  0.000   <-- WRONG ANSWER
vtrsm    double    1024   80  128    53.538   1.554  12.812  39.400    23.8    2.9    73.3    855.7   8.14e-16    0  0.000
nativeT  double    1024   80  128    47.225   1.508   6.595  39.289    13.9    3.2    82.9    970.1        inf  125  0.000   <-- WRONG ANSWER
default  double    1024   96  128    44.658   1.591   5.520  37.705    12.3    3.5    84.1   1025.9   1.02e-15    1  0.000   <-- WRONG ANSWER
native   double    1024   96  128    44.664   1.606   5.535  37.705    12.3    3.6    84.1   1025.7   6.75e+11    4  0.000   <-- WRONG ANSWER
vtrsm    double    1024   96  128    51.078   1.602  11.879  37.756    23.2    3.1    73.7    896.9   1.02e-15    0  0.002
nativeT  double    1024   96  128    44.667   1.634   5.545  37.726    12.3    3.6    84.0   1025.7   1.02e-15    1  0.000   <-- WRONG ANSWER
default  double    1024  109  128    46.100   1.771   7.227  37.258    15.6    3.8    80.5    993.8  6.17e+163  102  0.001   <-- WRONG ANSWER
native   double    1024  109  128    46.298   1.770   7.428  37.256    16.0    3.8    80.2    989.5  2.49e+100  100  0.001   <-- WRONG ANSWER
vtrsm    double    1024  109  128    53.682   1.772  14.757  37.310    27.4    3.3    69.3    853.4   1.02e-15    0  0.000
nativeT  double    1024  109  128    46.317   1.804   7.456  37.276    16.0    3.9    80.1    989.1  9.51e+146   97  0.001   <-- WRONG ANSWER
default  cfloat     512   32  128     4.190   0.455   0.486   3.517    10.9   10.2    78.9   5466.9   4.03e-07    0  0.001
native   cfloat     512   32  128     7.151   0.467   0.491   6.422     6.7    6.3    87.0   3203.1   4.03e-07    0  0.001
vtrsm    cfloat     512   32  128     7.936   0.463   1.302   6.409    15.9    5.7    78.4   2886.5   4.03e-07    0  0.001
default  cfloat     512   48  128     3.287   0.421   0.556   2.481    16.1   12.2    71.7   6969.7   3.78e-07    0  0.001
native   cfloat     512   48  128     6.131   0.449   0.653   5.214    10.3    7.1    82.6   3736.3   3.78e-07    0  0.001
vtrsm    cfloat     512   48  128     7.668   0.440   2.171   5.214    27.7    5.6    66.6   2987.3   3.78e-07    0  0.005
default  cfloat     512   64  128     2.649   0.426   0.539   1.889    18.9   14.9    66.2   8647.8   4.03e-07    0  0.008
native   cfloat     512   64  128     5.640   0.422   0.722   4.603    12.6    7.3    80.1   4061.6   4.03e-07    2  0.001   <-- WRONG ANSWER
vtrsm    cfloat     512   64  128     7.227   0.418   2.352   4.568    32.0    5.7    62.3   3169.6   4.03e-07    0  0.000
default  cfloat     512   80  128     2.518   0.438   0.605   1.577    23.1   16.7    60.2   9095.9   3.78e-07    0  0.001
native   cfloat     512   80  128     5.378   0.454   0.896   4.122    16.4    8.3    75.3   4259.1   3.78e-07    1  0.001   <-- WRONG ANSWER
vtrsm    cfloat     512   80  128     7.819   0.451   3.398   4.101    42.7    5.7    51.6   2929.7   3.78e-07    0  0.001
default  cfloat     512   96  128     2.267   0.436   0.580   1.336    24.7   18.5    56.8  10103.9   4.03e-07    1  0.006   <-- WRONG ANSWER
native   cfloat     512   96  128     5.146   0.447   0.958   3.819    18.3    8.6    73.1   4450.9   4.03e-07    2  0.001   <-- WRONG ANSWER
vtrsm    cfloat     512   96  128     7.877   0.444   3.764   3.751    47.3    5.6    47.1   2908.0   4.03e-07    0  0.000
default  cfloat     512  109  128     2.303   0.474   0.684   1.241    28.5   19.8    51.7   9946.2   4.03e-07    2  0.001   <-- WRONG ANSWER
native   cfloat     512  109  128     5.343   0.480   1.162   3.760    21.5    8.9    69.6   4287.5   4.03e-07    3  0.001   <-- WRONG ANSWER
vtrsm    cfloat     512  109  128     9.112   0.478   5.003   3.703    54.5    5.2    40.3   2514.0   4.03e-07    0  0.001
default  cfloat    1024   32  128    24.274   1.036   1.702  22.372     6.8    4.1    89.1   7549.3   5.06e-07    0  0.000
native   cfloat    1024   32  128    43.427   0.990   1.601  40.986     3.7    2.3    94.1   4219.8   5.06e-07    1  0.004   <-- WRONG ANSWER
vtrsm    cfloat    1024   32  128    45.024   1.050   3.494  40.915     7.7    2.3    90.0   4070.1   5.06e-07    0  0.003
default  cfloat    1024   48  128    18.149   0.885   2.052  15.530    11.1    4.8    84.1  10097.4        inf   70  0.001   <-- WRONG ANSWER
native   cfloat    1024   48  128    42.755   0.727   2.599  39.781     6.0    1.7    92.3   4286.1        inf  127  0.002   <-- WRONG ANSWER
vtrsm    cfloat    1024   48  128    41.659   1.097   5.496  35.025    13.2    2.6    84.2   4398.9   5.06e-07    0  0.007
default  cfloat    1024   64  128    14.781   0.857   1.978  12.139    13.2    5.7    81.1  12398.2   4.42e-05    5  0.002   <-- WRONG ANSWER
native   cfloat    1024   64  128    36.699   0.892   2.677  33.181     7.3    2.4    90.3   4993.3   5.06e-07    6  0.004   <-- WRONG ANSWER
vtrsm    cfloat    1024   64  128    38.870   0.890   5.984  32.206    15.3    2.3    82.4   4714.4   5.06e-07    0  0.003
default  cfloat    1024   80  128    13.323   0.902   2.277  10.355    16.8    6.7    76.5  13754.3        inf   64  0.001   <-- WRONG ANSWER
native   cfloat    1024   80  128    38.089   0.641   3.551  34.211     9.2    1.7    89.1   4811.1        inf  128  0.002   <-- WRONG ANSWER
vtrsm    cfloat    1024   80  128    38.630   0.930   8.169  29.623    21.1    2.4    76.5   4743.8   4.74e-07    0  0.004
default  cfloat    1024   96  128    11.988   0.897   2.207   9.039    18.2    7.4    74.4  15286.3   6.54e+11   45  0.001   <-- WRONG ANSWER
native   cfloat    1024   96  128    34.087   0.929   3.663  29.303    10.8    2.7    86.5   5376.1   4.74e-07    6  0.002   <-- WRONG ANSWER
vtrsm    cfloat    1024   96  128    38.734   0.929   9.449  28.283    24.4    2.4    73.2   4731.0   4.74e-07    0  0.002
default  cfloat    1024  109  128    12.028   0.991   2.722   8.475    22.3    8.1    69.5  15236.1        inf   88  0.001   <-- WRONG ANSWER
native   cfloat    1024  109  128    37.868   1.013   5.041  31.668    13.4    2.7    84.0   4839.2        inf   91  0.002   <-- WRONG ANSWER
vtrsm    cfloat    1024  109  128    71.272   1.014  42.572  27.742    59.7    1.4    38.9   2571.2   5.06e-07    0  0.004
default  cdouble    512   32  128    30.737   0.949   2.268  27.812     7.3    3.1    89.6    745.2   7.51e-16    4  0.000   <-- WRONG ANSWER
native   cdouble    512   32  128    81.305   0.937   2.251  78.332     2.8    1.1    96.1    281.7   7.51e-16    5  0.002   <-- WRONG ANSWER
vtrsm    cdouble    512   32  128   106.594   0.923  27.547  78.388    25.8    0.9    73.4    214.9   7.51e-16    0  0.000
default  cdouble    512   48  128    29.809   0.980   3.213  25.747    10.7    3.3    86.0    768.5   7.51e-16    3  0.001   <-- WRONG ANSWER
native   cdouble    512   48  128    78.580   1.027   5.446  72.383     6.9    1.3    91.8    291.5   7.51e-16    3  0.000   <-- WRONG ANSWER
vtrsm    cdouble    512   48  128   105.802   0.978  32.569  72.417    30.7    0.9    68.3    216.5   7.51e-16    0  0.000
default  cdouble    512   64  128    27.776   1.080   3.696  23.099    13.3    3.9    82.9    824.7   7.51e-16    2  0.001   <-- WRONG ANSWER
native   cdouble    512   64  128    76.241   1.092   7.014  68.270     9.2    1.4    89.4    300.4   7.51e-16    5  0.000   <-- WRONG ANSWER
vtrsm    cdouble    512   64  128   115.263   1.077  46.022  68.294    39.9    0.9    59.2    198.7   7.51e-16    0  0.000
default  cdouble    512   77  128    30.158   1.225   4.982  24.093    16.4    4.0    79.5    759.5   7.51e-16    4  0.002   <-- WRONG ANSWER
native   cdouble    512   77  128    79.484   1.217  10.439  67.959    13.1    1.5    85.4    288.2   7.51e-16    1  0.000   <-- WRONG ANSWER
vtrsm    cdouble    512   77  128   105.935   1.216  36.787  67.973    34.7    1.1    64.1    216.2   7.51e-16    0  0.001
default  cdouble   1024   32  128   205.228   1.892   8.814 195.108     4.3    0.9    94.8    892.9   1.32e-15   31  0.000   <-- WRONG ANSWER
native   cdouble   1024   32  128   576.015   1.882  10.257 568.943     1.8    0.3    97.9    318.1   1.58e+33   24  0.004   <-- WRONG ANSWER
vtrsm    cdouble   1024   32  128   623.232   1.887  57.021 564.981     9.1    0.3    90.6    294.0   1.32e-15    0  0.000
default  cdouble   1024   48  128   201.905   2.005  15.892 184.282     7.9    1.0    91.1    907.6        inf   64  0.002   <-- WRONG ANSWER
native   cdouble   1024   48  128   748.534   2.034  33.239 725.167     4.4    0.3    95.4    244.8        inf   71  0.013   <-- WRONG ANSWER
vtrsm    cdouble   1024   48  128   616.764   2.170  78.166 537.185    12.7    0.4    87.0    297.1   9.42e-16    0  0.000
default  cdouble   1024   64  128   189.873   2.182  15.595 172.378     8.2    1.1    90.7    965.1   8.83e-16   25  0.000   <-- WRONG ANSWER
native   cdouble   1024   64  128   550.206   2.202  29.957 518.283     5.4    0.4    94.2    333.1   2.35e+08   21  0.000   <-- WRONG ANSWER
vtrsm    cdouble   1024   64  128   618.984   2.250  98.769 518.457    15.9    0.4    83.7    296.1   8.83e-16    0  0.000
default  cdouble   1024   77  128   202.662   2.516  21.533 178.862    10.6    1.2    88.1    904.2  3.71e+265   67  0.000   <-- WRONG ANSWER
native   cdouble   1024   77  128   579.021   2.527  47.641 536.716     8.1    0.4    91.5    316.5   8.58e+56   70  0.004   <-- WRONG ANSWER
vtrsm    cdouble   1024   77  128   634.004   2.621 115.861 515.992    18.3    0.4    81.3    289.0   7.54e-16    0  0.000
native   float     1024   96   64    14.914   0.694   1.909  12.477    12.7    4.6    82.7   3071.7   5.09e-07   12  0.000   <-- WRONG ANSWER
default  float     1024   96   64     6.190   0.715   1.414   4.273    22.1   11.2    66.7   7400.6   5.09e-07   11  0.002   <-- WRONG ANSWER
native   float     1024   96  128    16.347   0.705   1.913  13.894    11.6    4.3    84.1   2802.5   5.09e-07   10  0.000   <-- WRONG ANSWER
default  float     1024   96  128     5.941   0.675   1.364   4.067    22.3   11.1    66.6   7711.9   5.09e-07    5  0.001   <-- WRONG ANSWER
native   float     1024   96  256    20.022   0.707   1.912  17.570     9.5    3.5    87.0   2288.1   5.09e-07   16  0.000   <-- WRONG ANSWER
default  float     1024   96  256     7.859   0.702   1.342   6.005    16.7    8.7    74.6   5829.1   5.09e-07    6  0.001   <-- WRONG ANSWER
native   float     1024   96  512    25.907   0.737   1.906  23.493     7.3    2.8    89.9   1768.4   5.09e-07   14  0.000   <-- WRONG ANSWER
default  float     1024   96  512    10.889   0.706   1.299   9.070    11.7    6.4    81.9   4207.3   5.09e-07    4  0.000   <-- WRONG ANSWER
native   double    1024   96   64    41.234   1.585   5.531  34.271    13.4    3.8    82.8   1111.1   1.02e-15    1  0.002   <-- WRONG ANSWER
default  double    1024   96   64    41.139   1.585   5.529  34.201    13.4    3.8    82.8   1113.6   2.05e-04    0  0.000   <-- WRONG ANSWER
native   double    1024   96  128    44.628   1.607   5.537  37.650    12.4    3.6    84.1   1026.6   1.02e-15    1  0.001   <-- WRONG ANSWER
default  double    1024   96  128    44.595   1.590   5.508  37.646    12.3    3.6    84.1   1027.3   1.02e-15    0  0.000
native   double    1024   96  256    51.668   1.591   5.523  44.723    10.7    3.1    86.3    886.7   1.02e-15    2  0.000   <-- WRONG ANSWER
default  double    1024   96  256    51.731   1.592   5.519  44.784    10.6    3.1    86.3    885.6   1.02e-15    5  0.000   <-- WRONG ANSWER
native   double    1024   96  512    63.756   1.590   5.523  56.798     8.6    2.5    88.9    718.6   1.02e-15    2  0.000   <-- WRONG ANSWER
default  double    1024   96  512    63.707   1.588   5.515  56.755     8.6    2.5    88.9    719.1   1.02e-15    3  0.000   <-- WRONG ANSWER
native   cfloat    1024   96   64    31.099   0.934   3.678  26.722    11.7    3.0    85.3   5892.6   4.74e-07    7  0.007   <-- WRONG ANSWER
default  cfloat    1024   96   64    10.919   0.908   2.201   7.963    19.9    8.2    71.9  16782.5   7.78e+16   25  0.003   <-- WRONG ANSWER
native   cfloat    1024   96  128    34.103   1.010   3.705  29.406    10.9    3.0    86.2   5373.5   4.74e-07    9  0.004   <-- WRONG ANSWER
default  cfloat    1024   96  128    11.979   0.897   2.201   9.036    18.1    7.4    74.5  15297.5   1.97e-04   26  0.001   <-- WRONG ANSWER
native   cfloat    1024   96  256    40.388   0.926   3.621  35.485     9.0    2.3    88.6   4537.3   4.74e-07    5  0.004   <-- WRONG ANSWER
default  cfloat    1024   96  256    14.800   0.911   2.183  11.876    14.6    6.1    79.3  12382.0   8.66e-05   30  0.001   <-- WRONG ANSWER
native   cfloat    1024   96  512    50.659   0.921   3.598  45.909     7.1    1.8    91.0   3617.4   4.74e-07    3  0.002   <-- WRONG ANSWER
default  cfloat    1024   96  512    19.778   0.906   2.156  16.897    10.8    4.5    84.7   9265.4   1.32e+35   23  0.001   <-- WRONG ANSWER
native   cdouble   1024   64   64   507.688   2.350  30.063 475.870     5.9    0.5    93.6    360.9   6.86e+09   24  0.000   <-- WRONG ANSWER
default  cdouble   1024   64   64   173.877   2.171  15.601 156.358     9.0    1.2    89.8   1053.9   3.83e+10   31  0.000   <-- WRONG ANSWER
native   cdouble   1024   64  128   550.202   2.296  29.990 518.380     5.4    0.4    94.1    333.1   8.83e-16   32  0.000   <-- WRONG ANSWER
default  cdouble   1024   64  128   189.995   2.201  15.659 172.387     8.2    1.2    90.6    964.5   1.89e-04   25  0.000   <-- WRONG ANSWER
native   cdouble   1024   64  256   628.759   2.266  29.958 596.890     4.8    0.4    94.9    291.4   6.22e+11   20  0.000   <-- WRONG ANSWER
default  cdouble   1024   64  256   218.487   2.212  15.851 200.929     7.2    1.0    91.8    838.7   8.25e-05   20  0.000   <-- WRONG ANSWER
native   cdouble   1024   64  512   761.322   2.351  29.969 729.725     3.9    0.3    95.8    240.7   8.83e-16   14  0.000   <-- WRONG ANSWER
default  cdouble   1024   64  512   266.730   2.193  15.564 249.236     5.8    0.8    93.3    687.0   8.83e-16   17  0.000   <-- WRONG ANSWER

-- best correct nb per (routemode, type, n), by total_ms
   default  cfloat   n=512    nb=80    2.518 ms
   default  cfloat   n=1024   nb=32    24.274 ms
   default  double   n=512    nb=96    7.021 ms
   default  double   n=1024   nb=96    44.595 ms
   default  float    n=512    nb=128   1.114 ms
   native   cfloat   n=512    nb=48    6.131 ms
   native   double   n=512    nb=96    7.019 ms
   native   double   n=1024   nb=32    52.681 ms
   native   float    n=512    nb=128   2.462 ms
   nativeT  double   n=512    nb=96    7.022 ms
   nativeT  float    n=512    nb=128   1.587 ms
   vtrsm    cdouble  n=512    nb=48    105.802 ms
   vtrsm    cdouble  n=1024   nb=48    616.764 ms
   vtrsm    cfloat   n=512    nb=64    7.227 ms
   vtrsm    cfloat   n=1024   nb=80    38.630 ms
   vtrsm    double   n=512    nb=96    8.411 ms
   vtrsm    double   n=1024   nb=96    51.078 ms
   vtrsm    float    n=512    nb=128   2.548 ms
   vtrsm    float    n=1024   nb=155   16.455 ms

-- vendorpotrf (cuSOLVER) reference
   vendorpotrf,float,512,128,0.901514,0.897997,0.0017,6352.23,4.369e-07,0
   vendorpotrf,float,1024,128,7.302499,7.291845,0.0006,6273.60,5.462e-07,0
   vendorpotrf,double,512,128,5.955198,5.935726,0.0015,961.62,8.137e-16,0
   vendorpotrf,double,1024,128,40.133987,40.120197,0.0002,1141.50,1.017e-15,0
   vendorpotrf,cfloat,512,128,1.559888,1.558327,0.0004,14684.70,6.048e-07,0
   vendorpotrf,cfloat,1024,128,12.065582,12.057111,0.0005,15187.99,6.071e-07,0
   vendorpotrf,cdouble,512,128,22.020645,22.016632,0.0001,1040.23,9.388e-16,0
   vendorpotrf,cdouble,1024,128,154.667057,154.642936,0.0001,1184.82,1.131e-15,0

== supplement: correct-answer nb and W (vendor trsm, native gemm), batch 128
mode    type         n   nb    W  total_ms    leaf   panel   trail   gflops      resid  bad     sd
vtrsm   float      512   64  128     3.189   0.339   0.682   2.297   1795.9   4.07e-07    0  0.001
vtrsmT  float      512   64  128     3.186   0.336   0.678   2.301   1797.4   4.07e-07    0  0.001
vgemm   float      512   64  128     1.921   0.324   0.790   0.940   2980.4   4.07e-07    0  0.002
vtrsm   float      512   96  128     2.832   0.344   0.733   1.864   2022.2   4.07e-07    0  0.001
vtrsmT  float      512   96  128     2.837   0.335   0.717   1.859   2018.8   4.07e-07    0  0.002
vgemm   float      512   96  128     1.662   0.320   0.775   0.643   3444.8   4.07e-07    0  0.001
vtrsm   float      512  128  128     2.549   0.347   0.629   1.620   2246.7   5.46e-07    0  0.000
vtrsmT  float      512  128  128     1.672   0.347   0.625   0.743   3425.8   5.46e-07    0  0.002
vgemm   float      512  128  128     1.414   0.336   0.678   0.444   4050.9   5.46e-07    0  0.002
vtrsm   float      512  155  128     2.564   0.386   0.776   1.462   2233.3   5.46e-07    0  0.001
vtrsmT  float      512  155  128     2.147   0.382   0.781   1.043   2666.7   5.46e-07    0  0.001
vgemm   float      512  155  128     1.517   0.390   0.787   0.384   3774.6   5.46e-07    0  0.004
vtrsm   float     1024   64  128    19.983   0.705   3.320  16.186   2292.6   5.46e-07    0  0.001
vtrsmT  float     1024   64  128    19.993   0.707   3.335  16.188   2291.5   5.46e-07    0  0.001
vgemm   float     1024   64  128     9.562   0.681   3.461   5.710   4791.0   5.46e-07    0  0.000
vtrsm   float     1024   96  128    17.707   0.710   3.270  13.910   2587.3   5.09e-07    0  0.001
vtrsmT  float     1024   96  128    17.699   0.708   3.264  13.921   2588.4   5.09e-07    0  0.000
vgemm   float     1024   96  128     7.883   0.670   3.320   4.061   5811.8   5.09e-07    0  0.001
vtrsm   float     1024  128  128    16.629   0.737   3.331  12.695   2755.0   5.46e-07    0  0.001
vtrsmT  float     1024  128  128     9.180   0.728   3.286   5.283   4990.6   5.46e-07    0  0.001
vgemm   float     1024  128  128     7.080   0.803   3.462   3.172   6470.9   5.46e-07    0  0.012
vtrsm   float     1024  155  128    16.406   0.797   3.394  12.323   2792.4   5.46e-07    0  0.001
vtrsmT  float     1024  155  128    11.604   0.812   3.424   7.540   3948.2   5.46e-07    0  0.001
vgemm   float     1024  155  128     7.022   0.808   3.392   2.928   6524.1   5.46e-07    0  0.001
vtrsm   double     512   64  128     8.885   0.698   2.519   5.772    644.5   8.14e-16    0  0.001
vtrsmT  double     512   64  128     8.885   0.699   2.516   5.771    644.5   8.14e-16    0  0.000
vgemm   double     512   64  128     9.326   0.696   2.526   6.221    614.1   8.14e-16    0  0.001
vtrsm   double     512   96  128     8.440   0.788   2.798   4.915    678.5   8.14e-16    0  0.003
vtrsmT  double     512   96  128     8.410   0.785   2.787   4.913    680.9   8.14e-16    0  0.001
vgemm   double     512   96  128     9.131   0.785   2.788   5.636    627.2   8.14e-16    0  0.000
vtrsm   double    1024   64  128    53.338   1.475  10.499  41.716    858.9   9.48e-16    0  0.000
vtrsmT  double    1024   64  128    53.323   1.428  10.455  41.660    859.1   9.48e-16    0  0.000
vgemm   double    1024   64  128    56.852   1.422  10.488  45.260    805.8   9.48e-16    0  0.000
vtrsm   double    1024   96  128    50.980   1.592  11.855  37.684    898.6   1.02e-15    0  0.000
vtrsmT  double    1024   96  128    50.976   1.594  11.852  37.692    898.7   1.02e-15    0  0.000
vgemm   double    1024   96  128    55.989   1.600  11.870  42.685    818.3   1.02e-15    0  0.001
vtrsm   cfloat     512   64  128     7.221   0.461   2.355   4.565   3172.0   4.03e-07    0  0.000
vgemm   cfloat     512   64  128     4.490   0.417   2.361   1.856   5101.5   4.03e-07    0  0.001
vtrsm   cfloat     512   96  128     7.882   0.456   3.775   3.760   2906.1   4.03e-07    0  0.001
vgemm   cfloat     512   96  128     5.460   0.497   3.823   1.432   4195.2   4.03e-07    0  0.004
vtrsm   cfloat     512  109  128     9.093   0.485   4.994   3.701   2519.2   4.03e-07    0  0.002
vgemm   cfloat     512  109  128     6.674   0.476   5.022   1.259   3432.2   4.03e-07    0  0.001
vtrsm   cfloat    1024   64  128    39.000   0.878   5.824  31.730   4698.8   5.06e-07    0  0.009
vgemm   cfloat    1024   64  128    18.543   0.889   5.840  12.291   9882.8   5.06e-07    0  0.000
vtrsm   cfloat    1024   96  128    38.255   0.920   9.228  28.025   4790.3   4.74e-07    0  0.001
vgemm   cfloat    1024   96  128    18.686   0.894   8.971   9.017   9807.1   4.74e-07    0  0.000
vtrsm   cfloat    1024  109  128    71.185   0.998  42.495  27.713   2574.3   5.06e-07    0  0.003
vgemm   cfloat    1024  109  128    51.182   0.995  41.846   8.511   3580.4   5.06e-07    0  0.000
vtrsm   cdouble    512   48  128   105.785   0.976  32.563  72.406    216.5   7.51e-16    0  0.000
vgemm   cdouble    512   48  128    59.148   0.984  32.578  25.767    387.3   7.51e-16    0  0.000
vtrsm   cdouble    512   64  128   115.275   1.082  46.025  68.300    198.7   7.51e-16    0  0.000
vgemm   cdouble    512   64  128    70.076   1.076  46.020  23.106    326.9   7.51e-16    0  0.000
vtrsm   cdouble    512   77  128   105.885   1.232  36.796  67.994    216.3   7.51e-16    0  0.000
vgemm   cdouble    512   77  128    61.993   1.222  36.767  24.114    369.5   7.51e-16    0  0.000
vtrsm   cdouble   1024   48  128   616.748   2.243  78.203 537.387    297.1   9.42e-16    0  0.000
vgemm   cdouble   1024   48  128   264.055   2.107  78.102 184.633    694.0   9.42e-16    0  0.000
vtrsm   cdouble   1024   64  128   618.964   2.195  98.738 518.380    296.1   8.83e-16    0  0.000
vgemm   cdouble   1024   64  128   272.932   2.219  98.698 172.304    671.4   8.83e-16    0  0.000
vtrsm   cdouble   1024   77  128   633.618   2.513 115.484 515.898    289.2   7.54e-16    0  0.000
vgemm   cdouble   1024   77  128   296.780   2.494 115.695 178.863    617.5   7.54e-16    0  0.000
vtrsm   float      512   96   16     2.637   0.332   0.712   1.693   2171.6   4.07e-07    0  0.002
vgemm   float      512   96   16     3.096   0.359   0.828   1.995   1849.4   4.07e-07    0  0.002
vtrsm   float      512   96   32     2.460   0.332   0.728   1.491   2327.4   4.07e-07    0  0.001
vgemm   float      512   96   32     2.124   0.354   0.825   1.026   2696.8   4.07e-07    0  0.002
vtrsm   float      512   96   64     2.539   0.328   0.712   1.569   2255.2   4.07e-07    0  0.002
vgemm   float      512   96   64     1.773   0.348   0.814   0.691   3229.6   4.07e-07    0  0.002
vtrsm   float      512   96   96     2.673   0.340   0.719   1.706   2142.6   4.07e-07    0  0.002
vgemm   float      512   96   96     1.682   0.319   0.808   0.632   3405.2   4.07e-07    0  0.002
vtrsm   double     512   96   16     7.433   0.777   2.787   3.942    770.4   8.14e-16    0  0.000
vgemm   double     512   96   16    12.891   0.851   2.875   9.469    444.2   8.14e-16    0  0.000
vtrsm   double     512   96   32     7.375   0.776   2.790   3.885    776.5   8.14e-16    0  0.000
vgemm   double     512   96   32     7.925   0.776   2.787   4.440    722.6   8.14e-16    0  0.001
vtrsm   double     512   96   64     7.692   0.779   2.786   4.197    744.5   8.14e-16    0  0.001
vgemm   double     512   96   64     8.334   0.776   2.789   4.855    687.1   8.14e-16    0  0.001
vtrsm   double     512   96   96     7.992   0.787   2.790   4.497    716.5   8.14e-16    0  0.000
vgemm   double     512   96   96     9.201   0.783   2.791   5.710    622.4   8.14e-16    0  0.000
vtrsm   cfloat     512   96   16     7.245   0.435   3.762   3.127   3161.9   4.03e-07    0  0.000
vgemm   cfloat     512   96   16     5.908   0.455   3.794   1.746   3877.5   4.03e-07    0  0.001
vtrsm   cfloat     512   96   32     6.954   0.436   3.761   2.839   3294.0   4.03e-07    0  0.000
vgemm   cfloat     512   96   32     5.180   0.447   3.788   1.025   4422.2   4.03e-07    0  0.001
vtrsm   cfloat     512   96   64     7.230   0.437   3.766   3.109   3168.1   4.03e-07    0  0.001
vgemm   cfloat     512   96   64     5.173   0.454   3.790   1.074   4428.4   4.03e-07    0  0.001
vtrsm   cfloat     512   96   96     7.511   0.441   3.772   3.377   3049.9   4.03e-07    0  0.001
vgemm   cfloat     512   96   96     5.428   0.428   3.776   1.309   4220.1   4.03e-07    0  0.001
vtrsm   cdouble    512   64   16    99.122   1.080  46.029  52.145    231.1   7.51e-16    0  0.000
vgemm   cdouble    512   64   16    67.891   1.078  46.029  20.924    337.4   7.51e-16    0  0.000
vtrsm   cdouble    512   64   32   101.174   1.077  46.023  54.191    226.4   7.51e-16    0  0.000
vgemm   cdouble    512   64   32    64.915   1.082  46.033  17.959    352.9   7.51e-16    0  0.000
vtrsm   cdouble    512   64   64   106.138   1.079  46.025  59.159    215.8   7.51e-16    0  0.000
vgemm   cdouble    512   64   64    66.633   1.085  46.030  19.673    343.8   7.51e-16    0  0.000
vtrsm   cdouble    512   64   96   110.467   1.079  46.025  63.510    207.4   7.51e-16    0  0.000
vgemm   cdouble    512   64   96    68.242   1.097  46.036  21.295    335.7   7.51e-16    0  0.000
