
== getrf cdouble n=64 ==
   batch       med_ms        us/item      GFLOP/s      relsd note
       1       0.2259       225.9000         0.77     0.0082 
       2       0.2262       113.1000         1.55     0.0012 
       4       0.2257        56.4250         3.10     0.0014 
       8       0.2279        28.4875         6.14     0.0016 
      16       0.2260        14.1250        12.37     0.0014 
      32       0.2263         7.0719        24.71     0.0019 
      64       0.2278         3.5594        49.10     0.0022 
     128       0.2293         1.7914        97.54     0.0021 
     256       0.3359         1.3121       133.19     0.0025 
     512       0.6590         1.2871       135.77     0.0014 
    1024       1.2386         1.2096       144.49     0.0015 
    2048       2.4334         1.1882       147.09     0.0009 
    4096       4.7377         1.1567       151.09     0.0001 
    8192       9.3832         1.1454       152.58     0.0002 
   16384      18.6917         1.1409       153.19     0.0002 
   -> flat (within 5% of the best us/item) from batch 2048; best 1.1409 us/item

== getrf cdouble n=256 ==
   batch       med_ms        us/item      GFLOP/s      relsd note
       1       6.1933      6193.3000         1.81     0.0002 
       2       6.2245      3112.2500         3.59     0.0002 
       4       6.2261      1556.5250         7.19     0.0012 
       8       6.2318       778.9750        14.36     0.0004 
      16       6.2316       389.4750        28.72     0.0004 
      32       6.2345       194.8281        57.41     0.0003 
      64       6.2631        97.8609       114.29     0.0002 
     128       6.6237        51.7477       216.14     0.0006 
     256      11.6315        45.4355       246.17     0.0005 
     512      22.5302        44.0043       254.18     0.0009 
    1024      43.1868        42.1746       265.20     0.0007 
    2048      84.3580        41.1904       271.54     0.0004 
   -> flat (within 5% of the best us/item) from batch 1024; best 41.1904 us/item

== getrf cdouble n=1024 ==
   batch       med_ms        us/item      GFLOP/s      relsd note
       1     330.2948    330294.8000         2.17     0.0001 
       2     331.4435    165721.7500         4.32     0.0000 
       4     331.5000     82875.0000         8.64     0.0000 
       8     332.1146     41514.3250        17.24     0.0000 
      16     332.8988     20806.1750        34.40     0.0001 
      32     333.6157     10425.4906        68.66     0.0001 
      64     335.7678      5246.3719       136.44     0.0000 
     128     350.9123      2741.5023       261.11     0.0002 
     256     627.8570      2452.5664       291.87     0.0005 
   -> flat (within 5% of the best us/item) from batch 256; best 2452.5664 us/item

== getrf cdouble n=2048 ==
   batch       med_ms        us/item      GFLOP/s      relsd note
       1    2575.8848   2575884.8000         2.22     0.0000 
       2    2585.8410   1292920.5000         4.43     0.0000 
       4    2587.7385    646934.6250         8.85     0.0000 
       8    2589.1611    323645.1375        17.69     0.0000 
      16    2590.9805    161936.2812        35.36     0.0001 
      32    2594.0739     81064.8094        70.64     0.0000 
      64    2659.2847     41551.3234       137.82     0.0000 
   -> flat (within 5% of the best us/item) from batch 64; best 41551.3234 us/item

== getrf float n=64 ==
   batch       med_ms        us/item      GFLOP/s      relsd note
       1       0.0812        81.2000         2.15     0.0019 
       2       0.0811        40.5500         4.31     0.0018 
       4       0.0808        20.2000         8.65     0.0020 
       8       0.0832        10.4000        16.81     0.0012 
      16       0.0806         5.0375        34.70     0.0013 
      32       0.0801         2.5031        69.79     0.0021 
      64       0.0811         1.2672       137.98     0.0011 
     128       0.0825         0.6445       271.04     0.0018 
     256       0.1071         0.4184       417.84     0.0098 
     512       0.1847         0.3607       484.51     0.0054 
    1024       0.4000         0.3906       447.38     0.0122 
    2048       0.7189         0.3510       497.83     0.0051 
    4096       1.3631         0.3328       525.15     0.0013 
    8192       2.6332         0.3214       543.69     0.0012 
   16384       5.1900         0.3168       551.70     0.0006 
   -> flat (within 5% of the best us/item) from batch 8192; best 0.3168 us/item

== getrf float n=256 ==
   batch       med_ms        us/item      GFLOP/s      relsd note
       1       1.1836      1183.6000         9.45     0.0016 
       2       1.1978       598.9000        18.68     0.0015 
       4       1.1984       299.6000        37.33     0.0018 
       8       1.1993       149.9125        74.61     0.0016 
      16       1.2031        75.1938       148.75     0.0016 
      32       1.2032        37.6000       297.48     0.0006 
      64       1.2104        18.9125       591.39     0.0010 
     128       1.2649         9.8820      1131.84     0.0017 
     256       2.1821         8.5238      1312.19     0.0028 
     512       6.1436        11.9992       932.12     0.0039 
    1024      17.6239        17.2108       649.87     0.0170 
    2048      31.4096        15.3367       729.28     0.0094 
   -> flat (within 5% of the best us/item) from batch 256; best 8.5238 us/item

== getrf float n=1024 ==
   batch       med_ms        us/item      GFLOP/s      relsd note
       1      48.9200     48920.0000        14.63     0.0001 
       2      50.2029     25101.4500        28.52     0.0001 
       4      50.2087     12552.1750        57.03     0.0002 
       8      50.2234      6277.9250       114.02     0.0016 
      16      51.4856      3217.8500       222.46     0.0003 
      32      63.4057      1981.4281       361.27     0.0004 
      64      71.7344      1120.8500       638.65     0.0002 
     128      94.6219       739.2336       968.34     0.0016 
     256     170.2554       665.0602      1076.34     0.0015 
   -> flat (within 5% of the best us/item) from batch 256; best 665.0602 us/item

== getrf float n=2048 ==
   batch       med_ms        us/item      GFLOP/s      relsd note
       1     363.0451    363045.1000        15.77     0.0000 
       2     373.4094    186704.7000        30.67     0.0000 
       4     383.2079     95801.9750        59.78     0.0001 
       8     451.2401     56405.0125       101.53     0.0003 
      16     486.9529     30434.5563       188.16     0.0001 
      32     519.0712     16220.9750       353.04     0.0001 
      64     550.4645      8601.0078       665.81     0.0002 
   -> flat (within 5% of the best us/item) from batch 64; best 8601.0078 us/item

== getri cdouble n=64 ==
   batch       med_ms        us/item      GFLOP/s      relsd note
       1       0.4120       412.0000         0.85     0.0005 
       2       0.4128       206.4000         1.69     0.0079 
       4       0.4134       103.3500         3.38     0.0024 
       8       0.4131        51.6375         6.77     0.0008 
      16       0.4128        25.8000        13.55     0.0019 
      32       0.4134        12.9187        27.06     0.0007 
      64       0.4135         6.4609        54.10     0.0004 
     128       0.4134         3.2297       108.22     0.0004 
     256       0.6725         2.6270       133.05     0.0013 
     512       1.3021         2.5432       137.43     0.0004 
    1024       2.5908         2.5301       138.15     0.0003 
    2048       5.1064         2.4934       140.18     0.0004 
    4096      10.0944         2.4645       141.83     0.0003 
    8192      20.0731         2.4503       142.64     0.0005 
   16384      40.0211         2.4427       143.09     0.0003 
   -> flat (within 5% of the best us/item) from batch 512; best 2.4427 us/item

== getri cdouble n=256 ==
   batch       med_ms        us/item      GFLOP/s      relsd note
       1      16.9927     16992.7000         1.32     0.0000 
       2      17.0457      8522.8500         2.62     0.0010 
       4      17.0459      4261.4750         5.25     0.0000 
       8      17.0449      2130.6125        10.50     0.0001 
      16      17.0460      1065.3750        21.00     0.0000 
      32      17.0500       532.8125        41.98     0.0000 
      64      17.1419       267.8422        83.52     0.0000 
     128      17.5674       137.2453       162.99     0.0002 
     256      31.1334       121.6148       183.94     0.0003 
     512      62.0818       121.2535       184.49     0.0010 
    1024     123.1415       120.2554       186.02     0.0001 
    2048     244.4019       119.3369       187.45     0.0003 
   -> flat (within 5% of the best us/item) from batch 256; best 119.3369 us/item

== getri float n=64 ==
   batch       med_ms        us/item      GFLOP/s      relsd note
       1       0.0914        91.4000         3.83     0.0048 
       2       0.0920        46.0000         7.60     0.0036 
       4       0.0920        23.0000        15.19     0.0029 
       8       0.0889        11.1125        31.44     0.0015 
      16       0.0884         5.5250        63.24     0.0035 
      32       0.0894         2.7937       125.14     0.0017 
      64       0.0890         1.3906       251.31     0.0022 
     128       0.0898         0.7016       498.14     0.0102 
     256       0.1032         0.4031       867.33     0.0034 
     512       0.1428         0.2789      1253.17     0.0011 
    1024       0.2532         0.2473      1413.80     0.0189 
    2048       0.4611         0.2251      1552.48     0.0019 
    4096       0.8861         0.2163      1615.61     0.0022 
    8192       1.7158         0.2094      1668.83     0.0004 
   16384       3.3845         0.2066      1692.01     0.0022 
   -> flat (within 5% of the best us/item) from batch 4096; best 0.2066 us/item

== getri float n=256 ==
   batch       med_ms        us/item      GFLOP/s      relsd note
       1       2.4189      2418.9000         9.25     0.0004 
       2       2.4316      1215.8000        18.40     0.0002 
       4       2.4324       608.1000        36.79     0.0008 
       8       2.4231       302.8875        73.85     0.0003 
      16       2.4263       151.6437       147.51     0.0005 
      32       2.4263        75.8219       295.03     0.0010 
      64       2.4267        37.9172       589.96     0.0008 
     128       2.4287        18.9742      1178.94     0.0009 
     256       3.5459        13.8512      1615.00     0.0007 
     512       8.0097        15.6439      1429.93     0.0049 
    1024      18.1879        17.7616      1259.43     0.0024 
    2048      41.7457        20.3836      1097.43     0.0020 
   -> flat (within 5% of the best us/item) from batch 256; best 13.8512 us/item
