== grid : 168 cells usable, 0 skipped
   shipped vendor-free route: 83 cells FUSED, 85 cells COMPOSITION

type     n      nrhs   batch       cuBLAS     BEFORE      AFTER arm             b/cub    a/cub
float    32     1      8192        0.1234     0.6154     0.0503 fused           0.201    2.453
float    32     2      8192        0.1316     0.6121     0.0700 fused           0.215    1.880
float    32     4      8192        0.1513     0.6315     0.1122 fused           0.240    1.348
float    32     16     8192        0.3962     0.7923     0.7923 composition     0.500    0.500
float    32     64     8192        2.0275     1.5014     1.5014 composition     1.350    1.350
float    32     128    8192        5.2949     2.5230     2.5230 composition     2.099    2.099
float    64     1      8192        0.3073     1.4439     0.1787 fused           0.213    1.720
float    64     2      8192        0.3261     1.4378     0.2024 fused           0.227    1.611
float    64     4      8192        0.3833     1.4873     0.2796 fused           0.258    1.371
float    64     16     8192        0.9723     2.1011     2.1011 composition     0.463    0.463
float    64     64     8192        8.2213     3.6906     3.6906 composition     2.228    2.228
float    64     128    8192       19.8586     6.3326     6.3326 composition     3.136    3.136
float    128    1      4096        0.6366     1.7971     0.3479 fused           0.354    1.830
float    128    2      4096        0.6394     1.7844     0.3542 fused           0.358    1.805
float    128    4      4096        0.7082     1.7894     0.4165 fused           0.396    1.700
float    128    16     4096        1.3048     2.3119     2.3119 composition     0.564    0.564
float    128    64     4096        8.7511     5.4444     5.4444 composition     1.607    1.607
float    128    128    4096       22.0759     9.4418     9.4418 composition     2.338    2.338
float    256    1      2048        1.3174     2.5947     0.6917 fused           0.508    1.905
float    256    2      2048        1.3219     2.5735     0.6725 fused           0.514    1.966
float    256    4      2048        1.3502     2.5930     0.7763 fused           0.521    1.739
float    256    16     2048        2.0661     3.1764     3.1764 composition     0.650    0.650
float    256    64     2048        8.9331     8.1632     8.1632 composition     1.094    1.094
float    256    128    2048       31.5133    19.5917    19.5917 composition     1.609    1.609
float    512    1      512         1.4427     2.5491     0.6498 fused           0.566    2.220
float    512    2      512         1.4186     2.4946     0.6507 fused           0.569    2.180
float    512    4      512         1.4139     2.4946     0.7468 fused           0.567    1.893
float    512    16     512         1.7755     2.6983     2.6983 composition     0.658    0.658
float    512    64     512         4.7980     3.4772     3.4772 composition     1.380    1.380
float    512    128    512        10.5548     8.3143     8.3143 composition     1.269    1.269
float    1024   1      128         1.8944     2.9240     0.7682 fused           0.648    2.466
float    1024   2      128         2.0918     3.1443     0.8067 fused           0.665    2.593
float    1024   4      128         2.0680     3.7215     1.1065 fused           0.556    1.869
float    1024   16     128         2.6004     3.9296     3.9296 composition     0.662    0.662
float    1024   64     128         6.5284     4.0645     4.0645 composition     1.606    1.606
float    1024   128    128        11.8538     5.3551     5.3551 composition     2.214    2.214
float    2048   1      32          2.9304     4.8532     1.2883 fused           0.604    2.275
float    2048   2      32          2.9940     4.9181     1.2297 fused           0.609    2.435
float    2048   4      32          3.1347     5.1335     2.0546 fused           0.611    1.526
float    2048   16     32          4.5233     6.9542     6.9542 composition     0.650    0.650
float    2048   64     32         12.1517     8.6683     8.6683 composition     1.402    1.402
float    2048   128    32         21.7933     9.3741     9.3741 composition     2.325    2.325
double   32     1      8192        0.7171     3.7656     0.1868 fused           0.190    3.839
double   32     2      8192        0.7254     3.7658     0.3539 fused           0.193    2.050
double   32     4      8192        0.5904     3.7945     0.6980 fused           0.156    0.846
double   32     16     8192        0.9695     3.9857     3.9857 composition     0.243    0.243
double   32     64     8192        6.0750     4.8838     4.8838 composition     1.244    1.244
double   32     128    8192       13.6998     5.9519     5.9519 composition     2.302    2.302
double   64     1      8192        1.6483     8.0164     0.4520 fused           0.206    3.647
double   64     2      8192        1.6657     8.0077     0.7672 fused           0.208    2.171
double   64     4      8192        1.4076     8.0645     1.5248 fused           0.175    0.923
double   64     16     8192        2.5295     8.5700     8.5700 composition     0.295    0.295
double   64     64     8192       16.7768    12.4047    12.4047 composition     1.352    1.352
double   64     128    8192       34.6247    16.9215    16.9215 composition     2.046    2.046
double   128    1      4096        2.0916     8.9951     0.7468 fused           0.233    2.801
double   128    2      4096        2.1540     8.9839     0.9802 fused           0.240    2.198
double   128    4      4096        1.9473     8.9878     1.7881 fused           0.217    1.089
double   128    16     4096        4.4793     9.5563     9.5563 composition     0.469    0.469
double   128    64     4096       23.9218    19.9004    19.9004 composition     1.202    1.202
double   128    128    4096       54.7421    32.9362    32.9362 composition     1.662    1.662
double   256    1      2048        2.7832    10.8629     1.3668 fused           0.256    2.036
double   256    2      2048        2.8414    10.8360     1.5403 fused           0.262    1.845
double   256    4      2048        2.6179    10.8398     2.2085 fused           0.242    1.185
double   256    16     2048        8.0863    11.3199    11.3199 composition     0.714    0.714
double   256    64     2048       26.9233    27.0066    27.0066 composition     0.997    0.997
double   256    128    2048       66.1969    49.7006    49.7006 composition     1.332    1.332
double   512    1      512         2.5172     7.8318     1.2433 fused           0.321    2.025
double   512    2      512         5.4162     7.7784     1.3808 fused           0.696    3.923
double   512    4      512         5.3213     7.7666     1.7228 fused           0.685    3.089
double   512    16     512         8.0119     7.8690     7.8690 composition     1.018    1.018
double   512    64     512        19.8333    18.8487    18.8487 composition     1.052    1.052
double   512    128    512        41.2367    36.0295    36.0295 composition     1.145    1.145
double   1024   1      128         3.7526     5.5554     1.4477 fused           0.675    2.592
double   1024   2      128         8.3102     5.8176     1.8226 fused           1.428    4.560
double   1024   4      128         8.0307     6.3706     2.5560 fused           1.261    3.142
double   1024   16     128         9.1007     6.8107     6.8107 composition     1.336    1.336
double   1024   64     128        20.2407    16.1876    16.1876 composition     1.250    1.250
double   1024   128    128        39.9031    29.9078    29.9078 composition     1.334    1.334
double   2048   1      32          6.1909     8.4451     2.1259 fused           0.733    2.912
double   2048   2      32         11.3360     8.5029     3.2003 fused           1.333    3.542
double   2048   4      32         11.0357     8.6466     6.0910 fused           1.276    1.812
double   2048   16     32         11.9165    10.5581    10.5581 composition     1.129    1.129
double   2048   64     32         26.1471    21.1758    21.1758 composition     1.235    1.235
double   2048   128    32         49.0010    32.3607    32.3607 composition     1.514    1.514
cfloat   32     1      8192        0.1208     1.2206     0.0754 fused           0.099    1.602
cfloat   32     2      8192        0.1293     1.2181     0.1068 fused           0.106    1.211
cfloat   32     4      8192        0.1540     1.2656     0.1950 fused           0.122    0.790
cfloat   32     16     8192        0.4401     1.6723     1.6723 composition     0.263    0.263
cfloat   32     64     8192        3.9650     3.8121     3.8121 composition     1.040    1.040
cfloat   32     128    8192        9.3424     7.2395     7.2395 composition     1.290    1.290
cfloat   64     1      8192        0.4365     2.7604     0.3418 fused           0.158    1.277
cfloat   64     2      8192        0.4700     2.7545     0.3555 fused           0.171    1.322
cfloat   64     4      8192        0.5480     2.8750     0.4765 fused           0.191    1.150
cfloat   64     16     8192        1.3089     4.1509     4.1509 composition     0.315    0.315
cfloat   64     64     8192       11.2997     9.0356     9.0356 composition     1.251    1.251
cfloat   64     128    8192       23.5191    17.0793    17.0793 composition     1.377    1.377
cfloat   128    1      4096        1.0525     3.5123     0.6629 fused           0.300    1.588
cfloat   128    2      4096        1.1100     3.5090     0.6737 fused           0.316    1.648
cfloat   128    4      4096        1.2125     3.5437     0.8637 fused           0.342    1.404
cfloat   128    16     4096        2.2023     5.0428     5.0428 composition     0.437    0.437
cfloat   128    64     4096       16.3467    13.9984    13.9984 composition     1.168    1.168
cfloat   128    128    4096       39.0677    26.9185    26.9185 composition     1.451    1.451
cfloat   256    1      2048        1.7635     4.9438     1.2647 fused           0.357    1.394
cfloat   256    2      2048        1.8530     4.9262     1.2892 fused           0.376    1.437
cfloat   256    4      2048        1.9297     4.9714     1.4089 fused           0.388    1.370
cfloat   256    16     2048        2.9972     6.3803     6.3803 composition     0.470    0.470
cfloat   256    64     2048       14.1023    15.1312    15.1312 composition     0.932    0.932
cfloat   256    128    2048       39.4303    33.2124    33.2124 composition     1.187    1.187
cfloat   512    1      512         1.9541     4.6205     1.2128 fused           0.423    1.611
cfloat   512    2      512         2.0309     4.5624     1.2215 fused           0.445    1.663
cfloat   512    4      512         2.0566     4.5790     1.3945 fused           0.449    1.475
cfloat   512    16     512         2.5340     5.1982     5.1982 composition     0.487    0.487
cfloat   512    64     512         7.1401     8.1338     8.1338 composition     0.878    0.878
cfloat   512    128    512        15.7253    16.3991    16.3991 composition     0.959    0.959
cfloat   1024   1      128         2.4778     4.5043     1.3282 fused           0.550    1.866
cfloat   1024   2      128         2.7456     4.9745     1.4143 fused           0.552    1.941
cfloat   1024   4      128         2.7477     6.0739     1.8601 fused           0.452    1.477
cfloat   1024   16     128         3.3961     6.4240     6.4240 composition     0.529    0.529
cfloat   1024   64     128         7.6065     6.8344     6.8344 composition     1.113    1.113
cfloat   1024   128    128        14.4026    10.4055    10.4055 composition     1.384    1.384
cfloat   2048   1      32          3.5222     7.2750     1.7695 fused           0.484    1.991
cfloat   2048   2      32          3.8734     7.4251     1.9640 fused           0.522    1.972
cfloat   2048   4      32          4.0418     7.7865     3.3573 fused           0.519    1.204
cfloat   2048   16     32          5.6141    11.2662    11.2662 composition     0.498    0.498
cfloat   2048   64     32         13.1607    12.2195    12.2195 composition     1.077    1.077
cfloat   2048   128    32         24.7248    12.6905    12.6905 composition     1.948    1.948
cdouble  32     1      8192        1.2979    14.0520     0.6053 fused           0.092    2.144
cdouble  32     2      8192        1.3116    14.0523     1.1677 fused           0.093    1.123
cdouble  32     4      8192        1.3355    14.1095     2.3185 fused           0.095    0.576
cdouble  32     16     8192        2.8714    14.5428    14.5428 composition     0.197    0.197
cdouble  32     64     8192       14.4183    16.8152    16.8152 composition     0.857    0.857
cdouble  32     128    8192       29.2101    19.4761    19.4761 composition     1.500    1.500
cdouble  64     1      8192        3.4530    31.4547     1.3118 fused           0.110    2.632
cdouble  64     2      8192        3.4770    31.4612     2.5240 fused           0.111    1.378
cdouble  64     4      8192        3.5339    31.6014     5.0261 fused           0.112    0.703
cdouble  64     16     8192        8.3279    36.3207    36.3207 composition     0.229    0.229
cdouble  64     64     8192       43.3397    51.2257    51.2257 composition     0.846    0.846
cdouble  64     128    8192       87.5895    74.3434    74.3434 composition     1.178    1.178
cdouble  128    1      4096        4.1196    41.4113     1.7188 fused           0.099    2.397
cdouble  128    2      4096        7.1496    41.2705     3.0286 fused           0.173    2.361
cdouble  128    4      4096        7.2132    41.2877     5.8833 fused           0.175    1.226
cdouble  128    16     4096       11.9821    47.6179    47.6179 composition     0.252    0.252
cdouble  128    64     4096       56.5717    78.4205    78.4205 composition     0.721    0.721
cdouble  128    128    4096      118.5833   129.7041   129.7041 composition     0.914    0.914
cdouble  256    1      2048        5.4655    63.4671     2.8809 fused           0.086    1.897
cdouble  256    2      2048       14.3616    63.4396     4.0506 fused           0.226    3.546
cdouble  256    4      2048       14.3676    63.4407     7.6726 fused           0.226    1.873
cdouble  256    16     2048       19.1207    69.5537    69.5537 composition     0.275    0.275
cdouble  256    64     2048       80.8881   103.5498   103.5498 composition     0.781    0.781
cdouble  256    128    2048      172.4757   184.8102   184.8102 composition     0.933    0.933
cdouble  512    1      512         4.5269    54.4051     2.5654 fused           0.083    1.765
cdouble  512    2      512        14.7248    54.3366     2.9869 fused           0.271    4.930
cdouble  512    4      512        14.7142    54.3069     6.7275 fused           0.271    2.187
cdouble  512    16     512        16.7740    56.8607    56.8607 composition     0.295    0.295
cdouble  512    64     512        67.9211    76.3730    76.3730 composition     0.889    0.889
cdouble  512    128    512       136.9125   140.3494   140.3494 composition     0.976    0.976
cdouble  1024   1      128         6.7100    44.7590     3.0298 fused           0.150    2.215
cdouble  1024   2      128        17.8277    45.2314     3.9359 fused           0.394    4.530
cdouble  1024   4      128        17.7945    46.3718     6.6297 fused           0.384    2.684
cdouble  1024   16     128        18.4108    47.7238    47.7238 composition     0.386    0.386
cdouble  1024   64     128        64.4771    59.2539    59.2539 composition     1.088    1.088
cdouble  1024   128    128       128.5917   116.4379   116.4379 composition     1.104    1.104
cdouble  2048   1      32         11.1235    50.9048     5.1507 fused           0.219    2.160
cdouble  2048   2      32         22.6278    51.0259     9.7906 fused           0.443    2.311
cdouble  2048   4      32         22.7554    51.4518    51.4518 composition     0.442    0.442
cdouble  2048   16     32         24.3626    55.1456    55.1456 composition     0.442    0.442
cdouble  2048   64     32         71.4975   182.0211   182.0211 composition     0.393    0.393
cdouble  2048   128    32        135.0888   120.6146   120.6146 composition     1.120    1.120

WHOLE GRID, 168 cells, cuBLAS_ms / native_ms:
   BEFORE (composition everywhere) geomean 0.523, 50 wins
   AFTER  (shipped vendor-free)    geomean 1.291, 124 wins
   speed-up of the op itself, BEFORE_ms / AFTER_ms: geomean 2.468
