# REFUSED ('float', 64, 2, 8192): relsd 0.417 > 0.10
# 59 paired cells
type,n,nrhs,batch,walk_p1,gather_p1,r_p1,walk_p2,gather_p2,r_p2,QUOTED,spread_walk,spread_gather
cdouble,64,2,8192,2.5200,2.5204,0.9998,2.5170,2.5173,0.9999,0.9998,1.0012,1.0012
cdouble,64,8,8192,10.2031,10.2050,0.9998,10.2004,10.2015,0.9999,0.9998,1.0003,1.0003
cdouble,64,24,8192,41.6843,38.4945,1.0829,41.6718,38.4823,1.0829,1.0829,1.0003,1.0003
cdouble,128,2,4096,3.0194,3.0181,1.0004,3.0155,3.0156,1.0000,1.0000,1.0013,1.0008
cdouble,128,8,4096,12.1980,12.1947,1.0003,12.2074,12.2024,1.0004,1.0003,1.0008,1.0006
cdouble,128,24,4096,62.1066,59.5645,1.0427,62.2111,59.6767,1.0425,1.0425,1.0017,1.0019
cdouble,256,2,2048,4.0392,4.0472,0.9980,4.0389,4.0349,1.0010,0.9980,1.0001,1.0030
cdouble,256,8,2048,20.7719,20.7193,1.0025,20.7521,20.7760,0.9988,0.9988,1.0010,1.0027
cdouble,256,24,2048,107.1325,103.1338,1.0388,105.9295,104.7989,1.0108,1.0108,1.0114,1.0161
cdouble,512,2,1024,6.0574,6.0290,1.0047,6.0363,6.0208,1.0026,1.0026,1.0035,1.0014
cdouble,512,8,1024,41.0722,41.0761,0.9999,41.1249,41.1243,1.0000,0.9999,1.0013,1.0012
cdouble,512,24,1024,193.4082,190.8052,1.0136,193.4633,190.8505,1.0137,1.0136,1.0003,1.0002
cdouble,1024,2,256,5.6929,5.6942,0.9998,5.6829,5.6917,0.9985,0.9985,1.0018,1.0004
cdouble,1024,8,256,87.6217,85.4205,1.0258,87.8223,85.6315,1.0256,1.0256,1.0023,1.0025
cdouble,1024,24,256,174.9442,171.5991,1.0195,174.9631,171.6086,1.0195,1.0195,1.0001,1.0001
cfloat,64,2,8192,0.3593,0.3573,1.0056,0.3581,0.3576,1.0014,1.0014,1.0034,1.0008
cfloat,64,8,8192,0.8643,0.8640,1.0003,0.8629,0.8622,1.0008,1.0003,1.0016,1.0021
cfloat,64,24,8192,5.2147,3.8721,1.3467,5.1963,3.8737,1.3414,1.3414,1.0035,1.0004
cfloat,128,2,4096,0.6745,0.6750,0.9993,0.6756,0.6755,1.0001,0.9993,1.0016,1.0007
cfloat,128,8,4096,1.4461,1.4475,0.9990,1.4491,1.4501,0.9993,0.9990,1.0021,1.0018
cfloat,128,24,4096,6.9122,5.3226,1.2987,6.9116,5.3190,1.2994,1.2987,1.0001,1.0007
cfloat,256,2,2048,1.2827,1.2746,1.0064,1.2892,1.2883,1.0007,1.0007,1.0051,1.0107
cfloat,256,8,2048,2.6690,2.6681,1.0003,2.6700,2.6661,1.0015,1.0003,1.0004,1.0008
cfloat,256,24,2048,9.2641,7.7172,1.2004,9.2633,7.7150,1.2007,1.2004,1.0001,1.0003
cfloat,512,2,1024,2.4387,2.4430,0.9982,2.4427,2.4398,1.0012,0.9982,1.0016,1.0013
cfloat,512,8,1024,5.1974,5.1964,1.0002,5.1887,5.1868,1.0004,1.0002,1.0017,1.0019
cfloat,512,24,1024,14.2516,12.5462,1.1359,14.2553,12.5439,1.1364,1.1359,1.0003,1.0002
cfloat,1024,2,256,2.4585,2.4517,1.0028,2.4503,2.4543,0.9984,0.9984,1.0033,1.0011
cfloat,1024,8,256,5.2473,5.2460,1.0002,5.2450,5.2412,1.0007,1.0002,1.0004,1.0009
cfloat,1024,24,256,14.8832,11.6209,1.2807,14.8632,11.6116,1.2800,1.2800,1.0013,1.0008
double,64,2,8192,0.7654,0.7651,1.0004,0.7658,0.7654,1.0005,1.0004,1.0005,1.0004
double,64,8,8192,2.9488,2.9482,1.0002,2.9538,2.9535,1.0001,1.0001,1.0017,1.0018
double,64,24,8192,9.8207,8.6455,1.1359,9.7901,8.6386,1.1333,1.1333,1.0031,1.0008
double,128,2,4096,0.9789,0.9794,0.9995,0.9796,0.9791,1.0005,0.9995,1.0007,1.0003
double,128,8,4096,3.3947,3.3944,1.0001,3.3946,3.3945,1.0000,1.0000,1.0000,1.0000
double,128,24,4096,11.6209,10.3764,1.1199,11.6127,10.3737,1.1194,1.1194,1.0007,1.0003
double,256,2,2048,1.5412,1.5368,1.0029,1.5417,1.5444,0.9983,0.9983,1.0003,1.0049
double,256,8,2048,5.0368,5.0429,0.9988,5.0395,5.0369,1.0005,0.9988,1.0005,1.0012
double,256,24,2048,14.9116,13.7297,1.0861,14.9070,13.7283,1.0859,1.0859,1.0003,1.0001
double,512,2,1024,2.7006,2.7107,0.9963,2.7085,2.6944,1.0052,0.9963,1.0029,1.0060
double,512,8,1024,8.5602,8.5607,0.9999,8.5668,8.5634,1.0004,0.9999,1.0008,1.0003
double,512,24,1024,21.5202,20.2929,1.0605,21.5244,20.2889,1.0609,1.0605,1.0002,1.0002
double,1024,2,256,2.7204,2.7105,1.0037,2.7212,2.7167,1.0017,1.0017,1.0003,1.0023
double,1024,8,256,8.5668,8.5657,1.0001,8.5671,8.5678,0.9999,0.9999,1.0000,1.0002
double,1024,24,256,16.5779,14.9231,1.1109,16.5978,14.9359,1.1113,1.1109,1.0012,1.0009
float,64,8,8192,0.4238,0.4232,1.0014,0.4248,0.4252,0.9991,0.9991,1.0024,1.0047
float,64,24,8192,2.5653,1.9452,1.3188,2.5710,1.9537,1.3160,1.3160,1.0022,1.0044
float,128,2,4096,0.3567,0.3561,1.0017,0.3559,0.3558,1.0003,1.0003,1.0022,1.0008
float,128,8,4096,0.5557,0.5558,0.9998,0.5570,0.5557,1.0023,0.9998,1.0023,1.0002
float,128,24,4096,3.0314,2.3642,1.2822,3.0323,2.3659,1.2817,1.2817,1.0003,1.0007
float,256,2,2048,0.6754,0.6737,1.0025,0.6755,0.6752,1.0004,1.0004,1.0001,1.0022
float,256,8,2048,0.9422,0.9431,0.9990,0.9436,0.9437,0.9999,0.9990,1.0015,1.0006
float,256,24,2048,4.4274,3.7256,1.1884,4.4290,3.7240,1.1893,1.1884,1.0004,1.0004
float,512,2,1024,1.2897,1.2873,1.0019,1.2870,1.2869,1.0001,1.0001,1.0021,1.0003
float,512,8,1024,1.8205,1.8133,1.0040,1.8220,1.8152,1.0037,1.0037,1.0008,1.0010
float,512,24,1024,6.8992,6.1121,1.1288,6.8996,6.1182,1.1277,1.1277,1.0001,1.0010
float,1024,2,256,1.3144,1.3127,1.0013,1.3102,1.3115,0.9990,0.9990,1.0032,1.0009
float,1024,8,256,1.8510,1.8547,0.9980,1.8532,1.8554,0.9988,0.9980,1.0012,1.0004
float,1024,24,256,7.8388,6.1777,1.2689,7.8399,6.1821,1.2682,1.2682,1.0001,1.0007

# ALL CELLS: 59  geomean 1.0491  min 0.9963  max 1.3414  below 1.00: 22
# worst cell: ('double', 512, 2, 1024) = 0.9963
#   float     14 cells  geomean 1.0781  (0.9980 - 1.3160)
#   double    15 cells  geomean 1.0325  (0.9963 - 1.1333)
#   cfloat    15 cells  geomean 1.0768  (0.9982 - 1.3414)
#   cdouble   15 cells  geomean 1.0126  (0.9980 - 1.0829)
#   nrhs=2     19 cells  geomean 0.9996  (0.9963 - 1.0026)
#   nrhs=8     20 cells  geomean 1.0011  (0.9980 - 1.0256)
#   nrhs=24    20 cells  geomean 1.1511  (1.0108 - 1.3414)
# cross-pass median spread 1.0008  worst 1.0161  above 1.10: 0 of 118
