# 120 paired cells
type,n,nrhs,batch,walk_p1,gather_p1,r_p1,walk_p2,gather_p2,r_p2,QUOTED,spread_walk,spread_gather
cdouble,64,1,8192,1.3094,1.3092,1.0002,1.3076,1.3086,0.9992,0.9992,1.0014,1.0005
cdouble,64,4,8192,5.0127,5.0135,0.9998,5.0138,5.0130,1.0002,0.9998,1.0002,1.0001
cdouble,64,16,8192,36.1655,34.9023,1.0362,36.2102,34.9695,1.0355,1.0355,1.0012,1.0019
cdouble,64,32,8192,45.4806,41.6581,1.0918,45.6352,41.7609,1.0928,1.0918,1.0034,1.0025
cdouble,64,64,8192,51.4010,43.2590,1.1882,51.2549,43.3807,1.1815,1.1815,1.0029,1.0028
cdouble,64,128,8192,74.2821,58.9026,1.2611,74.4045,59.0035,1.2610,1.2610,1.0016,1.0017
cdouble,128,1,4096,1.7190,1.7183,1.0004,1.7152,1.7176,0.9986,0.9986,1.0022,1.0004
cdouble,128,4,4096,5.8573,5.8576,0.9999,5.8704,5.8689,1.0003,0.9999,1.0022,1.0019
cdouble,128,16,4096,47.5487,46.2547,1.0280,47.6371,46.3376,1.0280,1.0280,1.0019,1.0018
cdouble,128,32,4096,69.9015,66.3941,1.0528,70.0187,66.5185,1.0526,1.0526,1.0017,1.0019
cdouble,128,64,4096,78.1405,68.5461,1.1400,78.2572,68.6565,1.1398,1.1398,1.0015,1.0016
cdouble,128,128,4096,130.7343,109.2226,1.1970,130.0618,110.6904,1.1750,1.1750,1.0052,1.0134
cdouble,256,1,2048,2.8632,2.8433,1.0070,2.8475,2.8387,1.0031,1.0031,1.0055,1.0016
cdouble,256,4,2048,7.6370,7.6370,1.0000,7.6543,7.6500,1.0006,1.0000,1.0023,1.0017
cdouble,256,16,2048,69.4392,68.1152,1.0194,69.4671,68.1261,1.0197,1.0194,1.0004,1.0002
cdouble,256,32,2048,96.5801,91.4995,1.0555,95.3364,92.7452,1.0279,1.0279,1.0130,1.0136
cdouble,256,64,2048,104.8598,94.1581,1.1137,104.7052,94.1385,1.1122,1.1122,1.0015,1.0002
cdouble,256,128,2048,185.4930,161.4553,1.1489,185.4522,161.4708,1.1485,1.1485,1.0002,1.0001
cdouble,512,1,1024,5.0489,5.0459,1.0006,5.0692,5.0677,1.0003,1.0003,1.0040,1.0043
cdouble,512,4,1024,13.3423,13.3427,1.0000,13.3539,13.3499,1.0003,1.0000,1.0009,1.0005
cdouble,512,16,1024,112.8038,112.7595,1.0004,113.7302,111.9889,1.0155,1.0004,1.0082,1.0069
cdouble,512,32,1024,146.1609,142.3287,1.0269,146.1337,142.3472,1.0266,1.0266,1.0002,1.0001
cdouble,512,64,1024,154.0822,145.5079,1.0589,154.9119,145.4688,1.0649,1.0589,1.0054,1.0003
cdouble,512,128,1024,282.9666,261.3778,1.0826,283.2422,261.4766,1.0832,1.0826,1.0010,1.0004
cdouble,1024,1,256,5.0035,5.0051,0.9997,5.0051,5.0056,0.9999,0.9997,1.0003,1.0001
cdouble,1024,4,256,13.2333,13.2319,1.0001,13.2307,13.2314,0.9999,0.9999,1.0002,1.0000
cdouble,1024,16,256,91.6508,88.1431,1.0398,91.3510,88.1680,1.0361,1.0361,1.0033,1.0003
cdouble,1024,32,256,112.1583,110.6038,1.0141,112.7447,109.8756,1.0261,1.0141,1.0052,1.0066
cdouble,1024,64,256,117.6974,113.4022,1.0379,117.0437,113.6924,1.0295,1.0295,1.0056,1.0026
cdouble,1024,128,256,233.9357,224.5819,1.0416,233.8472,224.6080,1.0411,1.0411,1.0004,1.0001
cfloat,64,1,8192,0.3431,0.3441,0.9971,0.3463,0.3455,1.0023,0.9971,1.0093,1.0041
cfloat,64,4,8192,0.4791,0.4793,0.9996,0.4790,0.4784,1.0013,0.9996,1.0002,1.0019
cfloat,64,16,8192,4.1498,3.4001,1.2205,4.1441,3.3990,1.2192,1.2192,1.0014,1.0003
cfloat,64,32,8192,5.7850,4.1452,1.3956,5.7979,4.1515,1.3966,1.3956,1.0022,1.0015
cfloat,64,64,8192,9.0368,5.8415,1.5470,9.0388,5.8694,1.5400,1.5400,1.0002,1.0048
cfloat,64,128,8192,17.0237,10.8423,1.5701,17.0120,10.8463,1.5685,1.5685,1.0007,1.0004
cfloat,128,1,4096,0.6634,0.6654,0.9970,0.6641,0.6642,0.9998,0.9970,1.0011,1.0018
cfloat,128,4,4096,0.8626,0.8640,0.9984,0.8628,0.8624,1.0005,0.9984,1.0002,1.0019
cfloat,128,16,4096,5.0467,4.2481,1.1880,5.0575,4.2475,1.1907,1.1880,1.0021,1.0001
cfloat,128,32,4096,7.2370,4.9954,1.4487,7.2424,5.0008,1.4482,1.4482,1.0007,1.0011
cfloat,128,64,4096,14.1184,7.3358,1.9246,14.0573,7.3380,1.9157,1.9157,1.0043,1.0003
cfloat,128,128,4096,27.0703,13.3176,2.0327,27.0236,13.3378,2.0261,2.0261,1.0017,1.0015
cfloat,256,1,2048,1.2636,1.2669,0.9974,1.2743,1.2707,1.0028,0.9974,1.0085,1.0030
cfloat,256,4,2048,1.4152,1.4146,1.0004,1.4124,1.4128,0.9997,0.9997,1.0020,1.0013
cfloat,256,16,2048,6.3901,5.5400,1.1534,6.3887,5.5387,1.1535,1.1534,1.0002,1.0002
cfloat,256,32,2048,8.3864,5.9882,1.4005,8.3755,6.0055,1.3946,1.3946,1.0013,1.0029
cfloat,256,64,2048,15.1375,8.9013,1.7006,15.1480,8.8654,1.7087,1.7006,1.0007,1.0040
cfloat,256,128,2048,33.4898,16.1552,2.0730,33.4842,16.1701,2.0707,2.0707,1.0002,1.0009
cfloat,512,1,1024,2.4133,2.4098,1.0015,2.4076,2.4071,1.0002,1.0002,1.0024,1.0011
cfloat,512,4,1024,2.7540,2.7466,1.0027,2.7638,2.7489,1.0054,1.0027,1.0036,1.0008
cfloat,512,16,1024,9.0980,8.1277,1.1194,9.0940,8.1248,1.1193,1.1193,1.0004,1.0004
cfloat,512,32,1024,10.4554,7.9790,1.3104,10.4646,7.9647,1.3139,1.3104,1.0009,1.0018
cfloat,512,64,1024,17.9341,10.8613,1.6512,17.9700,10.8673,1.6536,1.6512,1.0020,1.0006
cfloat,512,128,1024,35.8757,18.7857,1.9097,35.8616,18.8607,1.9014,1.9014,1.0004,1.0040
cfloat,1024,1,256,2.4251,2.4236,1.0006,2.4178,2.4184,0.9998,0.9998,1.0030,1.0022
cfloat,1024,4,256,2.7741,2.7741,1.0000,2.7805,2.7747,1.0021,1.0000,1.0023,1.0002
cfloat,1024,16,256,9.0846,7.0199,1.2941,9.0922,7.0159,1.2959,1.2941,1.0008,1.0006
cfloat,1024,32,256,8.5619,6.4979,1.3176,8.5624,6.5243,1.3124,1.3124,1.0001,1.0041
cfloat,1024,64,256,11.0480,8.3551,1.3223,11.0885,8.3796,1.3233,1.3223,1.0037,1.0029
cfloat,1024,128,256,20.9119,13.8011,1.5152,20.9347,13.8687,1.5095,1.5095,1.0011,1.0049
double,64,1,8192,0.4496,0.4492,1.0009,0.4504,0.4504,1.0000,1.0000,1.0018,1.0027
double,64,4,8192,1.5186,1.5186,1.0000,1.5175,1.5178,0.9998,0.9998,1.0007,1.0005
double,64,16,8192,8.5544,8.0951,1.0567,8.5372,8.0971,1.0544,1.0544,1.0020,1.0002
double,64,32,8192,10.0423,8.7307,1.1502,10.0330,8.7328,1.1489,1.1489,1.0009,1.0002
double,64,64,8192,12.4710,10.0227,1.2443,12.4869,10.0579,1.2415,1.2415,1.0013,1.0035
double,64,128,8192,17.0251,12.6270,1.3483,17.0208,12.6237,1.3483,1.3483,1.0003,1.0003
double,128,1,4096,0.7443,0.7431,1.0016,0.7445,0.7480,0.9953,0.9953,1.0003,1.0066
double,128,4,4096,1.7818,1.7816,1.0001,1.7806,1.7804,1.0001,1.0001,1.0007,1.0007
double,128,16,4096,9.5288,9.0263,1.0557,9.5126,9.0244,1.0541,1.0541,1.0017,1.0002
double,128,32,4096,12.7956,10.4939,1.2193,12.8678,10.5247,1.2226,1.2193,1.0056,1.0029
double,128,64,4096,19.9284,13.4699,1.4795,19.9210,13.4639,1.4796,1.4795,1.0004,1.0004
double,128,128,4096,33.1269,19.4965,1.6991,33.1001,19.5223,1.6955,1.6955,1.0008,1.0013
double,256,1,2048,1.3672,1.3653,1.0014,1.3686,1.3664,1.0016,1.0014,1.0010,1.0008
double,256,4,2048,2.2016,2.2005,1.0005,2.2024,2.2038,0.9994,0.9994,1.0004,1.0015
double,256,16,2048,11.2831,10.7870,1.0460,11.3241,10.7890,1.0496,1.0460,1.0036,1.0002
double,256,32,2048,15.9730,13.8664,1.1519,15.9894,13.8633,1.1534,1.1519,1.0010,1.0002
double,256,64,2048,26.8963,20.0700,1.3401,27.1074,20.0859,1.3496,1.3401,1.0078,1.0008
double,256,128,2048,49.7193,32.7043,1.5203,49.9321,32.8058,1.5221,1.5203,1.0043,1.0031
double,512,1,1024,2.5039,2.5061,0.9991,2.5049,2.4974,1.0030,0.9991,1.0004,1.0035
double,512,4,1024,3.6229,3.6216,1.0004,3.6210,3.6198,1.0003,1.0003,1.0005,1.0005
double,512,16,1024,14.8204,14.2491,1.0401,14.8825,14.2991,1.0408,1.0401,1.0042,1.0035
double,512,32,1024,22.6086,20.4807,1.1039,22.6518,20.5309,1.1033,1.1033,1.0019,1.0025
double,512,64,1024,39.7828,33.0032,1.2054,39.9000,33.0663,1.2067,1.2054,1.0029,1.0019
double,512,128,1024,75.8861,58.2184,1.3035,75.9328,58.3615,1.3011,1.3011,1.0006,1.0025
double,1024,1,256,2.5030,2.5038,0.9997,2.5032,2.4982,1.0020,0.9997,1.0001,1.0022
double,1024,4,256,3.4322,3.4328,0.9998,3.4299,3.4249,1.0015,0.9998,1.0007,1.0023
double,1024,16,256,9.6694,8.5753,1.1276,9.7023,8.6025,1.1278,1.1276,1.0034,1.0032
double,1024,32,256,16.2402,15.1360,1.0730,16.2809,15.1759,1.0728,1.0728,1.0025,1.0026
double,1024,64,256,29.9594,27.7708,1.0788,29.9871,27.7289,1.0814,1.0788,1.0009,1.0015
double,1024,128,256,60.1437,53.4512,1.1252,60.1503,53.4504,1.1253,1.1252,1.0001,1.0000
float,64,1,8192,0.1796,0.1793,1.0017,0.1761,0.1762,0.9994,0.9994,1.0199,1.0176
float,64,4,8192,0.2792,0.2790,1.0007,0.2833,0.2839,0.9979,0.9979,1.0147,1.0176
float,64,16,8192,2.1000,1.6918,1.2413,2.1024,1.6916,1.2428,1.2413,1.0011,1.0001
float,64,32,8192,3.0687,2.2404,1.3697,3.0704,2.2402,1.3706,1.3697,1.0006,1.0001
float,64,64,8192,3.6923,2.0642,1.7887,3.6891,2.0689,1.7831,1.7831,1.0009,1.0023
float,64,128,8192,6.3110,3.1511,2.0028,6.3130,3.1562,2.0002,2.0002,1.0003,1.0016
float,128,1,4096,0.3507,0.3509,0.9994,0.3488,0.3486,1.0006,0.9994,1.0054,1.0066
float,128,4,4096,0.4164,0.4165,0.9998,0.4153,0.4156,0.9993,0.9993,1.0026,1.0022
float,128,16,4096,2.3101,1.8886,1.2232,2.3128,1.8911,1.2230,1.2230,1.0012,1.0013
float,128,32,4096,3.3293,2.3317,1.4278,3.3351,2.3331,1.4295,1.4278,1.0017,1.0006
float,128,64,4096,5.5816,2.7846,2.0045,5.4952,2.7866,1.9720,1.9720,1.0157,1.0007
float,128,128,4096,9.5769,4.4732,2.1410,9.5352,4.4637,2.1362,2.1362,1.0044,1.0021
float,256,1,2048,0.6911,0.6911,1.0000,0.6902,0.6891,1.0016,1.0000,1.0013,1.0029
float,256,4,2048,0.7741,0.7769,0.9964,0.7756,0.7743,1.0017,0.9964,1.0019,1.0034
float,256,16,2048,3.1749,2.7173,1.1684,3.1891,2.7208,1.1721,1.1684,1.0045,1.0013
float,256,32,2048,3.9591,2.9309,1.3508,3.9352,2.9249,1.3454,1.3454,1.0061,1.0021
float,256,64,2048,8.3201,3.6933,2.2528,8.2861,3.7005,2.2392,2.2392,1.0041,1.0019
float,256,128,2048,19.8590,7.1161,2.7907,19.8512,7.1219,2.7873,2.7873,1.0004,1.0008
float,512,1,1024,1.3082,1.3084,0.9998,1.3125,1.3108,1.0013,0.9998,1.0033,1.0018
float,512,4,1024,1.4808,1.4801,1.0005,1.4870,1.4882,0.9992,0.9992,1.0042,1.0055
float,512,16,1024,4.5345,4.0515,1.1192,4.5271,4.0483,1.1183,1.1183,1.0016,1.0008
float,512,32,1024,4.9487,3.9339,1.2580,4.9470,3.9337,1.2576,1.2576,1.0003,1.0001
float,512,64,1024,8.8088,4.7153,1.8681,8.7474,4.7103,1.8571,1.8571,1.0070,1.0011
float,512,128,1024,22.6670,8.9443,2.5342,22.1312,8.8495,2.5008,2.5008,1.0242,1.0107
float,1024,1,256,1.2721,1.2698,1.0018,1.2705,1.2720,0.9988,0.9988,1.0013,1.0017
float,1024,4,256,1.4998,1.4947,1.0034,1.4995,1.4982,1.0009,1.0009,1.0002,1.0023
float,1024,16,256,5.0318,3.9677,1.2682,5.0468,3.9775,1.2688,1.2682,1.0030,1.0025
float,1024,32,256,4.5915,3.5309,1.3004,4.6029,3.5375,1.3012,1.3004,1.0025,1.0019
float,1024,64,256,5.2955,4.1567,1.2740,5.2920,4.1447,1.2768,1.2740,1.0007,1.0029
float,1024,128,256,11.3641,7.2696,1.5632,11.1577,7.0922,1.5732,1.5632,1.0185,1.0250

# ALL CELLS: 120  geomean 1.2026  min 0.9953  max 2.7873  below 1.00: 28
# worst cell: ('double', 128, 1, 4096) = 0.9953
#   float     30 cells  geomean 1.3561  (0.9964 - 2.7873)
#   double    30 cells  geomean 1.1329  (0.9953 - 1.6955)
#   cfloat    30 cells  geomean 1.2963  (0.9970 - 2.0707)
#   cdouble   30 cells  geomean 1.0501  (0.9986 - 1.2610)
#   nrhs=1     20 cells  geomean 0.9993  (0.9953 - 1.0031)
#   nrhs=4     20 cells  geomean 0.9997  (0.9964 - 1.0027)
#   nrhs=16    20 cells  geomean 1.1182  (1.0004 - 1.2941)
#   nrhs=32    20 cells  geomean 1.2148  (1.0141 - 1.4482)
#   nrhs=64    20 cells  geomean 1.4171  (1.0295 - 2.2392)
#   nrhs=128   20 cells  geomean 1.5728  (1.0411 - 2.7873)
# cross-pass median spread 1.0017  worst 1.0250  above 1.10: 0 of 240
