# REFUSED ('double', 64, 32, 512): relsd 0.1530 > 0.10
# REFUSED ('double', 64, 64, 128): relsd 0.2138 > 0.10
# REFUSED ('double', 64, 64, 512): relsd 0.1078 > 0.10
# REFUSED ('double', 128, 32, 128): relsd 0.2104 > 0.10
# REFUSED ('double', 512, 16, 32): relsd 0.2658 > 0.10
# REFUSED ('cfloat', 256, 32, 128): relsd 0.4179 > 0.10
# REFUSED ('cfloat', 256, 32, 256): relsd 0.1064 > 0.10
# REFUSED ('cdouble', 64, 16, 256): relsd 0.2576 > 0.10
# REFUSED ('cdouble', 64, 128, 512): relsd 0.1579 > 0.10
# REFUSED ('cdouble', 128, 32, 512): relsd 0.1803 > 0.10
# REFUSED ('cdouble', 512, 32, 128): relsd 0.1066 > 0.10
# REFUSED ('cfloat', 128, 32, 1024): relsd 0.1122 > 0.10
# REFUSED ('cfloat', 128, 32, 2048): relsd 0.1030 > 0.10
# REFUSED ('cfloat', 128, 64, 1024): relsd 0.1420 > 0.10
# 135 cells paired across all four sweeps
type,n,nrhs,batch,nat_p1,ven_p1,r_p1,nat_p2,ven_p2,r_p2,QUOTED,spread_nat,spread_ven
cdouble,64,64,2048,11.0070,9.3135,0.8461,11.0159,8.4507,0.7671,0.7671,1.0008,1.1021
cdouble,64,64,4096,21.8494,19.9846,0.9147,21.8440,20.0025,0.9157,0.9147,1.0002,1.0009
cdouble,64,64,8192,43.3409,43.4083,1.0016,43.3247,43.4133,1.0020,1.0016,1.0004,1.0001
cdouble,64,128,2048,15.0631,20.9916,1.3936,15.0532,20.0083,1.3292,1.3292,1.0007,1.0491
cdouble,64,128,4096,29.7581,42.8686,1.4406,29.7437,42.8895,1.4420,1.4406,1.0005,1.0005
cdouble,64,128,8192,59.0133,88.4437,1.4987,59.0002,88.0595,1.4925,1.4925,1.0002,1.0044
cdouble,128,64,1024,17.3920,12.0493,0.6928,17.3952,12.0579,0.6932,0.6928,1.0002,1.0007
cdouble,128,64,2048,34.5008,27.0052,0.7827,34.5135,25.4701,0.7380,0.7380,1.0004,1.0603
cdouble,128,64,4096,68.9329,60.0630,0.8713,68.6572,57.0119,0.8304,0.8304,1.0040,1.0535
cdouble,128,128,1024,27.8153,27.9940,1.0064,27.8127,25.6939,0.9238,0.9238,1.0001,1.0895
cdouble,128,128,2048,55.0482,61.6077,1.1192,55.0518,56.8730,1.0331,1.0331,1.0001,1.0833
cdouble,128,128,4096,110.6681,125.7468,1.1363,109.7986,120.0274,1.0932,1.0932,1.0079,1.0477
cdouble,256,64,1024,47.4439,39.6093,0.8349,47.4501,39.3477,0.8292,0.8292,1.0001,1.0066
cdouble,256,64,2048,94.2933,82.0228,0.8699,94.6398,81.0866,0.8568,0.8568,1.0037,1.0115
cdouble,256,64,4096,189.0768,174.3636,0.9222,189.1001,173.9057,0.9196,0.9196,1.0001,1.0026
cdouble,256,128,1024,80.7820,81.4946,1.0088,81.1669,81.1129,0.9993,0.9993,1.0048,1.0047
cdouble,256,128,2048,161.7641,173.8340,1.0746,161.8476,173.8640,1.0742,1.0742,1.0005,1.0002
cdouble,256,128,4096,321.7322,356.9308,1.1094,321.6110,356.8944,1.1097,1.1094,1.0004,1.0001
cdouble,512,64,512,72.5914,67.8208,0.9343,72.5980,67.9437,0.9359,0.9343,1.0001,1.0018
cdouble,512,64,1024,145.6932,137.1894,0.9416,145.6998,137.0951,0.9409,0.9409,1.0000,1.0007
cdouble,512,128,512,132.3114,139.3884,1.0535,132.3476,138.0393,1.0430,1.0430,1.0003,1.0098
cdouble,512,128,1024,261.9979,286.9121,1.0951,261.8981,277.2338,1.0586,1.0586,1.0004,1.0349
cdouble,1024,64,128,57.1378,64.3582,1.1264,57.1523,64.3623,1.1262,1.1262,1.0003,1.0001
cdouble,1024,64,256,113.2654,125.1224,1.1047,113.9576,126.3740,1.1090,1.1047,1.0061,1.0100
cdouble,1024,128,128,113.4239,128.7194,1.1349,113.3799,129.6198,1.1432,1.1349,1.0004,1.0070
cdouble,1024,128,256,224.9729,251.9661,1.1200,225.1227,251.6494,1.1178,1.1178,1.0007,1.0013
cfloat,64,64,2048,1.4562,1.1578,0.7951,1.4675,1.1549,0.7870,0.7870,1.0078,1.0025
cfloat,64,64,4096,3.0035,4.3010,1.4320,2.9977,4.3208,1.4414,1.4320,1.0019,1.0046
cfloat,64,64,8192,5.8660,11.4977,1.9601,5.8569,11.3986,1.9462,1.9462,1.0016,1.0087
cfloat,64,128,512,0.6504,0.8391,1.2901,0.6463,0.8347,1.2915,1.2901,1.0063,1.0053
cfloat,64,128,1024,1.3152,1.3111,0.9969,1.3136,1.3063,0.9944,0.9944,1.0012,1.0037
cfloat,64,128,2048,2.7823,4.1246,1.4824,2.7781,4.1543,1.4954,1.4824,1.0015,1.0072
cfloat,64,128,4096,5.4938,11.9664,2.1782,5.4858,10.8252,1.9733,1.9733,1.0015,1.1054
cfloat,64,128,8192,10.8734,23.8783,2.1960,10.8605,23.7256,2.1846,2.1846,1.0012,1.0064
cfloat,128,64,2048,3.6588,5.2511,1.4352,3.6674,4.8975,1.3354,1.3354,1.0024,1.0722
cfloat,128,64,4096,7.3385,18.0054,2.4536,7.3469,16.4680,2.2415,2.2415,1.0011,1.0934
cfloat,128,128,512,1.5864,2.1819,1.3754,1.5805,2.1722,1.3744,1.3744,1.0037,1.0045
cfloat,128,128,1024,3.3332,5.7959,1.7388,3.3384,5.1714,1.5491,1.5491,1.0016,1.1208
cfloat,128,128,2048,6.7752,18.0016,2.6570,6.7969,16.2698,2.3937,2.3937,1.0032,1.1064
cfloat,128,128,4096,13.3330,42.7245,3.2044,13.3431,39.3575,2.9497,2.9497,1.0008,1.0855
cfloat,256,64,1024,4.3795,5.5555,1.2685,4.3814,5.5678,1.2708,1.2685,1.0004,1.0022
cfloat,256,64,2048,8.8895,15.1523,1.7045,8.8949,14.2781,1.6052,1.6052,1.0006,1.0612
cfloat,256,64,4096,17.8559,40.8822,2.2896,17.8595,40.7176,2.2799,2.2799,1.0002,1.0040
cfloat,256,128,512,3.9124,6.0557,1.5478,3.9113,6.0979,1.5590,1.5478,1.0003,1.0070
cfloat,256,128,1024,7.9918,13.9330,1.7434,8.0062,13.9747,1.7455,1.7434,1.0018,1.0030
cfloat,256,128,2048,16.2010,43.2295,2.6683,16.2245,40.3286,2.4857,2.4857,1.0015,1.0719
cfloat,256,128,4096,31.7795,96.3237,3.0310,31.7907,92.1764,2.8995,2.8995,1.0004,1.0450
cfloat,512,64,512,5.6396,7.6747,1.3609,5.6558,7.0884,1.2533,1.2533,1.0029,1.0827
cfloat,512,64,1024,10.8741,15.4499,1.4208,10.8761,15.4995,1.4251,1.4208,1.0002,1.0032
cfloat,512,64,2048,21.7356,36.3661,1.6731,21.7302,36.3068,1.6708,1.6708,1.0002,1.0016
cfloat,512,128,256,4.8604,8.4835,1.7454,4.8741,8.4858,1.7410,1.7410,1.0028,1.0003
cfloat,512,128,512,9.5316,15.8185,1.6596,9.5630,15.7579,1.6478,1.6478,1.0033,1.0038
cfloat,512,128,1024,18.8802,34.8154,1.8440,18.8657,34.7174,1.8402,1.8402,1.0008,1.0028
cfloat,512,128,2048,37.9809,93.0422,2.4497,37.9626,93.2752,2.4570,2.4497,1.0005,1.0025
cfloat,1024,64,128,4.8258,7.6276,1.5806,4.8425,7.6150,1.5725,1.5725,1.0035,1.0017
cfloat,1024,64,256,8.3189,10.3894,1.2489,8.2987,10.4251,1.2562,1.2489,1.0024,1.0034
cfloat,1024,64,512,15.3803,19.5154,1.2689,15.3886,19.3718,1.2588,1.2588,1.0005,1.0074
cfloat,1024,128,128,7.8521,15.2479,1.9419,7.8351,14.3920,1.8369,1.8369,1.0022,1.0595
cfloat,1024,128,256,13.9291,21.0956,1.5145,13.9239,21.1001,1.5154,1.5145,1.0004,1.0002
cfloat,1024,128,512,26.8046,43.6652,1.6290,26.9482,40.0628,1.4867,1.4867,1.0054,1.0899
double,64,64,2048,2.5199,2.6382,1.0469,2.5203,2.5163,0.9984,0.9984,1.0002,1.0484
double,64,64,4096,5.0644,7.0659,1.3952,5.0666,7.0411,1.3897,1.3897,1.0004,1.0035
double,64,64,8192,10.0287,18.2238,1.8172,10.0231,16.8804,1.6841,1.6841,1.0006,1.0796
double,64,128,2048,3.2809,7.5204,2.2922,3.2782,6.8826,2.0995,2.0995,1.0008,1.0927
double,64,128,4096,6.4729,17.7854,2.7477,6.4720,16.3026,2.5189,2.5189,1.0001,1.0910
double,64,128,8192,12.6626,36.9270,2.9162,12.6546,34.9984,2.7657,2.7657,1.0006,1.0551
double,128,64,1024,3.4171,3.6979,1.0822,3.4109,3.7154,1.0893,1.0822,1.0018,1.0047
double,128,64,2048,6.8161,8.5794,1.2587,6.8143,8.5657,1.2570,1.2570,1.0003,1.0016
double,128,64,4096,13.5009,26.1843,1.9394,13.5075,23.9851,1.7757,1.7757,1.0005,1.0917
double,128,128,1024,4.9408,8.9092,1.8032,4.9447,8.9480,1.8096,1.8032,1.0008,1.0044
double,128,128,2048,9.9183,25.8417,2.6055,9.9212,24.0242,2.4215,2.4215,1.0003,1.0757
double,128,128,4096,19.5442,54.9084,2.8094,19.5335,54.8992,2.8105,2.8094,1.0005,1.0002
double,256,64,1024,10.1442,13.1901,1.3003,10.1427,12.1043,1.1934,1.1934,1.0001,1.0897
double,256,64,2048,20.1408,27.1115,1.3461,20.1302,26.9784,1.3402,1.3402,1.0005,1.0049
double,256,64,4096,39.9819,68.2744,1.7076,39.9861,66.6255,1.6662,1.6662,1.0001,1.0247
double,256,128,1024,16.4013,29.8211,1.8182,16.4197,27.3478,1.6655,1.6655,1.0011,1.0904
double,256,128,2048,32.7772,67.2936,2.0531,32.8020,67.0411,2.0438,2.0438,1.0008,1.0038
double,256,128,4096,65.0507,145.9673,2.2439,65.0948,146.8967,2.2567,2.2439,1.0007,1.0064
double,512,64,512,16.7271,21.2063,1.2678,16.7292,19.8202,1.1848,1.1848,1.0001,1.0699
double,512,64,1024,33.0866,41.9171,1.2669,33.0898,40.2442,1.2162,1.2162,1.0001,1.0416
double,512,64,2048,66.2729,88.1643,1.3303,65.7725,85.3959,1.2984,1.2984,1.0076,1.0324
double,512,128,512,29.2778,41.2649,1.4094,29.2736,41.2200,1.4081,1.4081,1.0001,1.0011
double,512,128,1024,58.3540,92.6952,1.5885,58.3502,85.2552,1.4611,1.4611,1.0001,1.0873
double,512,128,2048,117.1446,202.9307,1.7323,117.9809,195.2182,1.6547,1.6547,1.0071,1.0395
double,1024,64,128,15.0954,20.2409,1.3409,15.0943,20.2600,1.3422,1.3409,1.0001,1.0009
double,1024,64,256,27.7602,37.5383,1.3522,27.7679,35.6152,1.2826,1.2826,1.0003,1.0540
double,1024,64,512,58.9652,69.0291,1.1707,58.9635,69.2157,1.1739,1.1707,1.0000,1.0027
double,1024,128,128,27.7187,39.8715,1.4384,27.7251,39.9091,1.4395,1.4384,1.0002,1.0009
double,1024,128,256,53.5220,71.7946,1.3414,53.4472,71.9332,1.3459,1.3414,1.0014,1.0019
double,1024,128,512,110.4815,141.5726,1.2814,110.6582,141.5467,1.2791,1.2791,1.0016,1.0002
float,64,32,2048,0.4644,0.4748,1.0224,0.4752,0.4768,1.0034,1.0034,1.0233,1.0042
float,64,32,4096,1.0474,0.9499,0.9069,1.0394,0.9443,0.9085,0.9069,1.0077,1.0059
float,64,32,8192,2.2361,2.7492,1.2295,2.2475,2.7556,1.2261,1.2261,1.0051,1.0023
float,64,64,2048,0.4467,0.9275,2.0763,0.4461,0.9266,2.0771,2.0763,1.0013,1.0010
float,64,64,4096,0.9723,2.7405,2.8186,0.9758,2.8023,2.8718,2.8186,1.0036,1.0226
float,64,64,8192,2.0653,8.4133,4.0736,2.0626,8.4738,4.1083,4.0736,1.0013,1.0072
float,64,128,2048,0.6888,2.6527,3.8512,0.6901,2.5418,3.6832,3.6832,1.0019,1.0436
float,64,128,4096,1.5685,8.0042,5.1031,1.5666,7.9494,5.0743,5.0743,1.0012,1.0069
float,64,128,8192,3.1539,20.0753,6.3652,3.1543,19.9822,6.3349,6.3349,1.0001,1.0047
float,128,32,1024,0.5648,0.6607,1.1698,0.5682,0.6647,1.1698,1.1698,1.0060,1.0061
float,128,32,2048,1.0629,1.2165,1.1445,1.0677,1.2238,1.1462,1.1445,1.0045,1.0060
float,128,32,4096,2.3275,2.6258,1.1282,2.3274,2.6297,1.1299,1.1282,1.0000,1.0015
float,128,64,1024,0.6284,1.1754,1.8705,0.6260,1.1796,1.8843,1.8705,1.0038,1.0036
float,128,64,2048,1.3243,2.3510,1.7753,1.3248,2.3712,1.7899,1.7753,1.0004,1.0086
float,128,64,4096,2.7823,8.8119,3.1671,2.7828,8.9230,3.2065,3.1671,1.0002,1.0126
float,128,128,1024,0.9737,2.5407,2.6093,0.9739,2.5521,2.6205,2.6093,1.0002,1.0045
float,128,128,2048,2.1504,8.7798,4.0829,2.1495,8.4499,3.9311,3.9311,1.0004,1.0390
float,128,128,4096,4.4807,24.6759,5.5072,4.4769,22.4155,5.0069,5.0069,1.0008,1.1008
float,256,32,1024,1.4662,1.6783,1.1447,1.4619,1.6820,1.1506,1.1447,1.0029,1.0022
float,256,32,2048,2.9276,3.4409,1.1753,2.9252,3.4141,1.1671,1.1671,1.0008,1.0078
float,256,32,4096,6.4890,9.8599,1.5195,6.4804,9.9872,1.5411,1.5195,1.0013,1.0129
float,256,64,1024,1.7526,3.2399,1.8486,1.7554,3.2610,1.8577,1.8486,1.0016,1.0065
float,256,64,2048,3.6843,9.0591,2.4588,3.6926,8.9585,2.4261,2.4261,1.0023,1.0112
float,256,64,4096,8.3767,32.4503,3.8739,8.3813,32.3556,3.8605,3.8605,1.0005,1.0029
float,256,128,1024,2.9128,9.0894,3.1205,2.9105,9.1012,3.1270,3.1205,1.0008,1.0013
float,256,128,2048,7.1391,33.6259,4.7101,7.1295,31.8182,4.4629,4.4629,1.0013,1.0568
float,256,128,4096,16.1056,82.5734,5.1270,16.1015,78.6990,4.8877,4.8877,1.0003,1.0492
float,512,32,512,2.0418,2.7303,1.3372,2.0326,2.7363,1.3462,1.3372,1.0045,1.0022
float,512,32,1024,3.9212,4.9090,1.2519,3.9258,4.6603,1.1871,1.1871,1.0012,1.0534
float,512,32,2048,7.6817,11.7389,1.5282,7.6821,10.9178,1.4212,1.4212,1.0001,1.0752
float,512,64,512,2.4607,4.8025,1.9517,2.4421,4.7974,1.9645,1.9517,1.0076,1.0011
float,512,64,1024,4.7322,9.8058,2.0721,4.7273,9.7717,2.0671,2.0671,1.0010,1.0035
float,512,64,2048,9.7317,26.8789,2.7620,9.7333,25.4966,2.6195,2.6195,1.0002,1.0542
float,512,128,512,4.2216,10.5587,2.5011,4.1972,10.5769,2.5200,2.5011,1.0058,1.0017
float,512,128,1024,8.8374,25.3903,2.8731,8.8354,25.0867,2.8393,2.8393,1.0002,1.0121
float,512,128,2048,20.6337,76.6677,3.7157,20.6485,76.1741,3.6891,3.6891,1.0007,1.0065
float,1024,32,128,2.7237,4.0275,1.4787,2.7291,4.0292,1.4764,1.4764,1.0020,1.0004
float,1024,32,256,3.5438,5.1950,1.4659,3.5401,5.1908,1.4663,1.4659,1.0010,1.0008
float,1024,32,512,5.6875,7.5834,1.3333,5.6909,7.5946,1.3345,1.3333,1.0006,1.0015
float,1024,64,128,3.0160,6.5881,2.1844,3.0198,6.5680,2.1750,2.1750,1.0013,1.0031
float,1024,64,256,4.1418,7.9277,1.9141,4.1426,7.9538,1.9200,1.9141,1.0002,1.0033
float,1024,64,512,7.2559,12.8044,1.7647,7.2498,12.8722,1.7755,1.7647,1.0008,1.0053
float,1024,128,128,4.2853,11.8640,2.7685,4.2406,11.8842,2.8025,2.7685,1.0105,1.0017
float,1024,128,256,7.2981,14.9796,2.0525,7.3033,14.9636,2.0489,2.0489,1.0007,1.0011
float,1024,128,512,14.4313,26.6987,1.8501,14.4306,26.7080,1.8508,1.8501,1.0000,1.0003
# cross-pass median spread 1.0022  worst 1.1208  above 1.10: 5 of 270

== CANDIDATE CLAUSES, GATE-C SCORED (quoted = the WORSE pass) ==
clause,cells,geomean,min,losses,sub1.15,GATE-C,worst_cell
float nrhs>=32,45,2.1469,0.9069,1,4,FAIL,float n=64 nrhs=32 b=4096 = 0.9069
float nrhs==32,15,1.2298,0.9069,1,4,FAIL,float n=64 nrhs=32 b=4096 = 0.9069
float nrhs>=64,30,2.8366,1.7647,0,0,PASS,float n=1024 nrhs=64 b=512 = 1.7647
float nrhs==64,15,2.3362,1.7647,0,0,PASS,float n=1024 nrhs=64 b=512 = 1.7647
float nrhs>=128,15,3.4441,1.8501,0,0,PASS,float n=1024 nrhs=128 b=512 = 1.8501
float nrhs==128,15,3.4441,1.8501,0,0,PASS,float n=1024 nrhs=128 b=512 = 1.8501
double nrhs>=32,30,1.5625,0.9984,1,1,FAIL,double n=64 nrhs=64 b=2048 = 0.9984
double nrhs>=64,30,1.5625,0.9984,1,1,FAIL,double n=64 nrhs=64 b=2048 = 0.9984
double nrhs==64,15,1.3088,0.9984,1,1,FAIL,double n=64 nrhs=64 b=2048 = 0.9984
double nrhs>=128,15,1.8653,1.2791,0,0,PASS,double n=1024 nrhs=128 b=512 = 1.2791
double nrhs==128,15,1.8653,1.2791,0,0,PASS,double n=1024 nrhs=128 b=512 = 1.2791
cfloat nrhs>=32,34,1.6572,0.7870,2,0,FAIL,cfloat n=64 nrhs=64 b=2048 = 0.7870
cfloat nrhs>=64,34,1.6572,0.7870,2,0,FAIL,cfloat n=64 nrhs=64 b=2048 = 0.7870
cfloat nrhs==64,14,1.4720,0.7870,1,0,FAIL,cfloat n=64 nrhs=64 b=2048 = 0.7870
cfloat nrhs>=128,20,1.8005,0.9944,1,0,FAIL,cfloat n=64 nrhs=128 b=1024 = 0.9944
cfloat nrhs==128,20,1.8005,0.9944,1,0,FAIL,cfloat n=64 nrhs=128 b=1024 = 0.9944
cdouble nrhs>=32,26,1.0023,0.6928,12,11,FAIL,cdouble n=128 nrhs=64 b=1024 = 0.6928
cdouble nrhs>=64,26,1.0023,0.6928,12,11,FAIL,cdouble n=128 nrhs=64 b=1024 = 0.6928
cdouble nrhs==64,13,0.8879,0.6928,10,3,FAIL,cdouble n=128 nrhs=64 b=1024 = 0.6928
cdouble nrhs>=128,13,1.1313,0.9238,2,8,FAIL,cdouble n=128 nrhs=128 b=1024 = 0.9238
cdouble nrhs==128,13,1.1313,0.9238,2,8,FAIL,cdouble n=128 nrhs=128 b=1024 = 0.9238
float+double nrhs>=32,75,1.8907,0.9069,2,5,FAIL,float n=64 nrhs=32 b=4096 = 0.9069
float+double nrhs==32,15,1.2298,0.9069,1,4,FAIL,float n=64 nrhs=32 b=4096 = 0.9069
float+double nrhs>=64,60,2.1053,0.9984,1,1,FAIL,double n=64 nrhs=64 b=2048 = 0.9984
float+double nrhs==64,30,1.7486,0.9984,1,1,FAIL,double n=64 nrhs=64 b=2048 = 0.9984
float+double nrhs>=128,30,2.5346,1.2791,0,0,PASS,double n=1024 nrhs=128 b=512 = 1.2791
float+double nrhs==128,30,2.5346,1.2791,0,0,PASS,double n=1024 nrhs=128 b=512 = 1.2791
float+cfloat nrhs>=32,79,1.9205,0.7870,3,4,FAIL,cfloat n=64 nrhs=64 b=2048 = 0.7870
float+cfloat nrhs==32,15,1.2298,0.9069,1,4,FAIL,float n=64 nrhs=32 b=4096 = 0.9069
float+cfloat nrhs>=64,64,2.1320,0.7870,2,0,FAIL,cfloat n=64 nrhs=64 b=2048 = 0.7870
float+cfloat nrhs==64,29,1.8692,0.7870,1,0,FAIL,cfloat n=64 nrhs=64 b=2048 = 0.7870
float+cfloat nrhs>=128,35,2.3775,0.9944,1,0,FAIL,cfloat n=64 nrhs=128 b=1024 = 0.9944
float+cfloat nrhs==128,35,2.3775,0.9944,1,0,FAIL,cfloat n=64 nrhs=128 b=1024 = 0.9944
non-cdouble nrhs>=32,109,1.8145,0.7870,4,5,FAIL,cfloat n=64 nrhs=64 b=2048 = 0.7870
non-cdouble nrhs==32,15,1.2298,0.9069,1,4,FAIL,float n=64 nrhs=32 b=4096 = 0.9069
non-cdouble nrhs>=64,94,1.9307,0.7870,3,1,FAIL,cfloat n=64 nrhs=64 b=2048 = 0.7870
non-cdouble nrhs==64,44,1.6554,0.7870,2,1,FAIL,cfloat n=64 nrhs=64 b=2048 = 0.7870
non-cdouble nrhs>=128,50,2.2106,0.9944,1,0,FAIL,cfloat n=64 nrhs=128 b=1024 = 0.9944
non-cdouble nrhs==128,50,2.2106,0.9944,1,0,FAIL,cfloat n=64 nrhs=128 b=1024 = 0.9944
all types nrhs>=32,135,1.6185,0.6928,16,16,FAIL,cdouble n=128 nrhs=64 b=1024 = 0.6928
all types nrhs==32,15,1.2298,0.9069,1,4,FAIL,float n=64 nrhs=32 b=4096 = 0.9069
all types nrhs>=64,120,1.6750,0.6928,15,12,FAIL,cdouble n=128 nrhs=64 b=1024 = 0.6928
all types nrhs==64,57,1.4361,0.6928,12,4,FAIL,cdouble n=128 nrhs=64 b=1024 = 0.6928
all types nrhs>=128,63,1.9252,0.9238,3,8,FAIL,cdouble n=128 nrhs=128 b=1024 = 0.9238
all types nrhs==128,63,1.9252,0.9238,3,8,FAIL,cdouble n=128 nrhs=128 b=1024 = 0.9238
RECOMMENDED: float nrhs>=64 OR (double|cfloat) nrhs>=128,65,2.2390,0.9944,1,0,FAIL,cfloat n=64 nrhs=128 b=1024 = 0.9944
RECOMMENDED + cdouble nrhs>=128 (the rejected widening),78,1.9982,0.9238,3,8,FAIL,cdouble n=128 nrhs=128 b=1024 = 0.9238

== EVERY CELL BELOW 1.15, WITH ITS INTERIORITY ==
# a loss/marginal is INTERIOR on an axis when the ladder wins on BOTH
# sides of it along that axis -- then no one-sided boundary can exclude it.
type,n,nrhs,batch,ratio,interior_in_n,interior_in_batch
cdouble,128,64,1024,0.6928,False,False
cdouble,128,64,2048,0.7380,False,False
cdouble,64,64,2048,0.7671,False,False
cfloat,64,64,2048,0.7870,False,False
cdouble,256,64,1024,0.8292,False,False
cdouble,128,64,4096,0.8304,False,False
cdouble,256,64,2048,0.8568,False,False
float,64,32,4096,0.9069,False,False
cdouble,64,64,4096,0.9147,False,False
cdouble,256,64,4096,0.9196,False,False
cdouble,128,128,1024,0.9238,False,False
cdouble,512,64,512,0.9343,False,False
cdouble,512,64,1024,0.9409,False,False
cfloat,64,128,1024,0.9944,False,True
double,64,64,2048,0.9984,False,False
cdouble,256,128,1024,0.9993,False,False
cdouble,64,64,8192,1.0016,False,False
float,64,32,2048,1.0034,False,False
cdouble,128,128,2048,1.0331,False,False
cdouble,512,128,512,1.0430,False,False
cdouble,512,128,1024,1.0586,False,False
cdouble,256,128,2048,1.0742,False,False
double,128,64,1024,1.0822,False,False
cdouble,128,128,4096,1.0932,False,False
cdouble,1024,64,256,1.1047,False,False
cdouble,256,128,4096,1.1094,False,False
cdouble,1024,128,256,1.1178,False,False
cdouble,1024,64,128,1.1262,False,False
float,128,32,4096,1.1282,False,False
cdouble,1024,128,128,1.1349,False,False
float,128,32,2048,1.1445,False,False
float,256,32,1024,1.1447,True,False
